"","word","Volume 2 (1843-1858)","Volume 7 (1863-1865)","sum_word_counts"
"1","lincoln",133,432,565
"2","washington",50,366,416
"3","united",65,320,385
"4","war",100,270,370
"5","president",110,179,289
"6","slavery",241,44,285
"7","1864",0,280,280
"8","government",90,177,267
"9","people",153,113,266
"10","executive",9,252,261
"11","congress",124,126,250
"12","time",121,109,230
"13","secretary",26,202,228
"14","telegram",0,223,223
"15","mansion",0,212,212
"16","day",80,129,209
"17","free",159,39,198
"18","country",98,95,193
"19","union",103,82,185
"20","grant",5,171,176
"21","law",119,48,167
"22","military",16,146,162
"23","major",4,156,160
"24","question",119,37,156
"25","department",38,114,152
"26","letter",63,88,151
"27","public",73,73,146
"28","1865",0,144,144
"29","constitution",86,57,143
"30","missouri",111,31,142
"31","received",46,96,142
"32","slave",132,8,140
"33","subject",68,69,137
"34","act",58,75,133
"35","hundred",50,74,124
"36","proclamation",2,122,124
"37","city",1,122,123
"38","governor",17,105,122
"39","power",63,56,119
"40","judge",88,29,117
"41","house",70,46,116
"42","illinois",95,18,113
"43","national",31,82,113
"44","service",15,98,113
"45","election",43,69,112
"46","nebraska",107,2,109
"47","vote",80,24,104
"48","army",25,78,103
"49","march",24,79,103
"50","sir",50,53,103
"51","principle",91,10,101
"52","dear",71,29,100
"53","hon",25,72,97
"54","thousand",21,75,96
"55","bill",86,9,95
"56","december",23,70,93
"57","january",18,75,93
"58","persons",20,73,93
"59","friends",67,25,92
"60","february",11,80,91
"61","nation",40,47,87
"62","opinion",69,18,87
"63","report",29,56,85
"64","compromise",82,2,84
"65","office",59,25,84
"66","slaves",66,18,84
"67","1863",0,82,82
"68","territory",76,6,82
"69","april",14,66,80
"70","authority",29,51,80
"71","party",64,16,80
"72","true",61,18,79
"73","south",57,21,78
"74","district",66,11,77
"75","land",60,17,77
"76","matter",52,25,77
"77","send",27,50,77
"78","message",34,42,76
"79","william",29,46,75
"80","citizens",22,52,74
"81","july",14,60,74
"82","line",53,20,73
"83","representatives",38,35,73
"84","call",16,56,72
"85","purpose",31,41,72
"86","va",0,72,72
"87","liberty",43,28,71
"88","lieutenant",0,71,71
"89","springfield",65,6,71
"90","favor",47,22,69
"91","days",31,37,68
"92","force",24,43,67
"93","north",45,22,67
"94","passed",49,18,67
"95","texas",62,5,67
"96","court",55,11,66
"97","peace",26,40,66
"98","proper",24,42,66
"99","understand",48,18,66
"100","white",48,18,66
"101","senate",28,37,65
"102","suppose",47,18,65
"103","virginia",33,32,65
"104","gentlemen",23,41,64
"105","kansas",62,2,64
"106","mexico",55,8,63
"107","called",28,34,62
"108","laws",28,34,62
"109","november",7,55,62
"110","political",45,17,62
"111","position",40,22,62
"112","answer",30,31,61
"113","argument",54,6,60
"114","view",30,30,60
"115","god",18,41,59
"116","return",21,38,59
"117","set",19,40,59
"118","speech",54,5,59
"119","condition",20,38,58
"120","naval",0,58,58
"121","officers",10,48,58
"122","world",30,28,58
"123","clay",53,4,57
"124","rebellion",2,55,57
"125","committee",40,16,56
"126","convention",21,35,56
"127","john",25,31,56
"128","treasury",20,36,56
"129","equal",44,11,55
"130","held",33,22,55
"131","hope",30,25,55
"132","judgment",33,22,55
"133","navy",7,48,55
"134","object",36,19,55
"135","reason",34,21,55
"136","votes",39,16,55
"137","found",27,27,54
"138","left",36,18,54
"139","majority",41,13,54
"140","wrong",43,11,54
"141","june",16,37,53
"142","soldiers",1,52,53
"143","declaration",48,4,52
"144","hand",24,28,52
"145","hands",27,25,52
"146","life",30,22,52
"147","support",27,25,52
"148","twenty",29,23,52
"149","effect",14,36,50
"150","heard",32,18,50
"151","improvements",50,0,50
"152","duty",19,30,49
"153","friend",36,13,49
"154","hold",32,17,49
"155","result",23,26,49
"156","seward",0,49,49
"157","ago",29,19,48
"158","douglas",48,0,48
"159","p.m",1,47,48
"160","plan",7,41,48
"161","taylor",46,2,48
"162","york",15,33,48
"163","1",16,31,47
"164","consideration",19,28,47
"165","desire",24,23,47
"166","fort",4,43,47
"167","gentleman",43,4,47
"168","kentucky",21,26,47
"169","paid",26,21,47
"170","person",17,30,47
"171","till",40,7,47
"172","understood",30,17,47
"173","command",6,40,46
"174","constitutional",26,20,46
"175","elected",35,11,46
"176","property",22,24,46
"177","read",35,11,46
"178","doubt",37,8,45
"179","half",37,8,45
"180","leave",26,19,45
"181","louis",11,34,45
"182","means",27,18,45
"183","oath",3,42,45
"184","officer",3,42,45
"185","yesterday",10,35,45
"186","dollars",36,8,44
"187","enemy",4,40,44
"188","fair",22,22,44
"189","foreign",7,37,44
"190","ground",31,13,44
"191","independence",31,13,44
"192","lands",32,12,44
"193","note",20,24,44
"194","regard",10,34,44
"195","river",29,15,44
"196","stanton",1,43,44
"197","county",30,13,43
"198","existing",15,28,43
"199","freedom",32,11,43
"200","legislature",27,16,43
"201","measure",30,13,43
"202","money",35,8,43
"203","repeal",43,0,43
"204","word",30,13,43
"205","america",7,35,42
"206","attention",8,34,42
"207","brought",24,18,42
"208","civil",7,35,42
"209","copy",10,32,42
"210","issue",18,24,42
"211","justice",30,12,42
"212","rights",17,25,42
"213","september",6,36,42
"214","stated",19,23,42
"215","tennessee",8,34,42
"216","whigs",42,0,42
"217","write",39,3,42
"218","attempt",19,22,41
"219","despatch",1,40,41
"220","entitled",10,31,41
"221","home",24,17,41
"222","louisiana",9,32,41
"223","morning",15,26,41
"224","necessity",22,19,41
"225","relation",17,24,41
"226","required",14,27,41
"227","session",17,24,41
"228","whig",41,0,41
"229","2",8,32,40
"230","american",17,23,40
"231","amount",17,23,40
"232","consent",28,12,40
"233","feel",20,20,40
"234","october",9,31,40
"235","ohio",19,21,40
"236","thomas",9,31,40
"237","action",14,25,39
"238","declare",11,28,39
"239","labor",6,33,39
"240","pass",16,23,39
"241","principles",27,12,39
"242","receive",11,28,39
"243","st",11,28,39
"244","taking",25,14,39
"245","violence",26,13,39
"246","8",11,27,38
"247","boundary",34,4,38
"248","cass",38,0,38
"249","evidence",21,17,38
"250","loyal",1,37,38
"251","stand",27,11,38
"252","system",18,20,38
"253","colonel",12,25,37
"254","declared",22,15,37
"255","democrats",35,2,37
"256","duties",14,23,37
"257","measures",19,18,37
"258","operations",3,34,37
"259","pier",37,0,37
"260","short",27,10,37
"261","strong",25,12,37
"262","troops",3,34,37
"263","black",22,14,36
"264","emancipation",12,24,36
"265","form",16,20,36
"266","information",9,27,36
"267","intended",23,13,36
"268","ports",0,36,36
"269","resolution",6,30,36
"270","shown",12,24,36
"271","west",15,21,36
"272","10",8,27,35
"273","aid",9,26,35
"274","business",25,10,35
"275","change",15,20,35
"276","claim",19,16,35
"277","considered",17,18,35
"278","difficulty",24,11,35
"279","faith",19,16,35
"280","honor",13,22,35
"281","lines",4,31,35
"282","pay",23,12,35
"283","private",13,22,35
"284","remain",12,23,35
"285","remember",19,16,35
"286","richmond",2,33,35
"287","ten",29,6,35
"288","terms",10,25,35
"289","times",27,8,35
"290","9",7,27,34
"291","beginning",24,10,34
"292","blair",0,34,34
"293","candidate",32,2,34
"294","commanding",1,33,34
"295","common",20,14,34
"296","express",26,8,34
"297","extension",32,2,34
"298","field",8,26,34
"299","human",26,8,34
"300","policy",17,17,34
"301","questions",26,8,34
"302","5",10,23,33
"303","butler",6,27,33
"304","death",22,11,33
"305","established",14,19,33
"306","giving",17,16,33
"307","hear",19,14,33
"308","indiana",16,17,33
"309","meade",1,32,33
"310","mentioned",20,13,33
"311","mexican",33,0,33
"312","negro",28,5,33
"313","negroes",27,6,33
"314","proposition",17,16,33
"315","voted",32,1,33
"316","applause",30,2,32
"317","campbell",7,25,32
"318","future",20,12,32
"319","presidential",17,15,32
"320","provision",22,10,32
"321","trade",20,12,32
"322","western",20,12,32
"323","3",7,24,31
"324","baltimore",8,23,31
"325","chief",19,12,31
"326","continued",22,9,31
"327","elections",13,18,31
"328","extent",20,11,31
"329","meet",15,16,31
"330","mind",22,9,31
"331","monroe",1,30,31
"332","paper",11,20,31
"333","personal",13,18,31
"334","prisoners",3,28,31
"335","section",14,17,31
"336","special",5,26,31
"337","spirit",18,13,31
"338","truth",27,4,31
"339","written",17,14,31
"340","7",12,18,30
"341","account",14,16,30
"342","arkansas",11,19,30
"343","august",4,26,30
"344","carolina",19,11,30
"345","coming",16,14,30
"346","conduct",10,20,30
"347","democratic",26,4,30
"348","execution",3,27,30
"349","iowa",16,14,30
"350","miles",24,6,30
"351","moral",25,5,30
"352","parties",24,6,30
"353","past",15,15,30
"354","post",22,8,30
"355","republican",20,10,30
"356","satisfactory",6,24,30
"357","sherman",0,30,30
"358","success",4,26,30
"359","supposed",14,16,30
"360","1848",29,0,29
"361","advantage",20,9,29
"362","blood",26,3,29
"363","claims",17,12,29
"364","decided",23,6,29
"365","decision",22,7,29
"366","forces",4,25,29
"367","letters",16,13,29
"368","maryland",6,23,29
"369","prevent",18,11,29
"370","resolved",13,16,29
"371","a.m",0,28,28
"372","armies",3,25,28
"373","authorized",4,24,28
"374","believed",9,19,28
"375","care",11,17,28
"376","carried",15,13,28
"377","close",11,17,28
"378","due",11,17,28
"379","eckert",0,28,28
"380","esq",13,15,28
"381","events",12,16,28
"382","glad",12,16,28
"383","henry",22,6,28
"384","hunter",0,28,28
"385","internal",23,5,28
"386","legal",22,6,28
"387","opposed",22,6,28
"388","provided",16,12,28
"389","request",14,14,28
"390","save",12,16,28
"391","treaty",21,7,28
"392","vessels",1,27,28
"393","volunteers",3,25,28
"394","voting",23,5,28
"395","bring",12,15,27
"396","colored",6,21,27
"397","continue",11,16,27
"398","control",17,10,27
"399","corps",0,27,27
"400","current",24,3,27
"401","direction",11,16,27
"402","duly",6,21,27
"403","efforts",15,12,27
"404","fear",12,15,27
"405","history",21,6,27
"406","johnson",3,24,27
"407","mine",14,13,27
"408","mississippi",13,14,27
"409","night",14,13,27
"410","papers",20,7,27
"411","portion",22,5,27
"412","purposes",12,15,27
"413","territories",23,4,27
"414","understanding",13,14,27
"415","abraham",2,24,26
"416","adopted",14,12,26
"417","aforesaid",0,26,26
"418","appointed",16,10,26
"419","circumstances",16,10,26
"420","connection",17,9,26
"421","contrary",17,9,26
"422","debt",10,16,26
"423","deny",24,2,26
"424","difference",20,6,26
"425","draft",2,24,26
"426","expect",15,11,26
"427","feeling",17,9,26
"428","georgia",11,15,26
"429","idea",20,6,26
"430","immediately",8,18,26
"431","influence",20,6,26
"432","jefferson",18,8,26
"433","language",21,5,26
"434","nations",3,23,26
"435","practical",14,12,26
"436","propose",18,8,26
"437","proposed",11,15,26
"438","respective",10,16,26
"439","sacred",26,0,26
"440","settlement",20,6,26
"441","sort",22,4,26
"442","18",2,23,25
"443","4",10,15,25
"444","actual",6,19,25
"445","approved",2,23,25
"446","bank",21,4,25
"447","british",17,8,25
"448","danger",17,8,25
"449","evil",18,7,25
"450","fight",6,19,25
"451","heretofore",5,20,25
"452","instructions",3,22,25
"453","late",16,9,25
"454","legislation",13,12,25
"455","limits",17,8,25
"456","mere",20,5,25
"457","mistake",15,10,25
"458","postmaster",18,7,25
"459","prove",17,8,25
"460","reached",6,19,25
"461","reference",10,15,25
"462","resolutions",22,3,25
"463","senator",20,5,25
"464","speak",21,4,25
"465","11",5,19,24
"466","12",8,16,24
"467","6",4,20,24
"468","amendment",8,16,24
"469","battle",12,12,24
"470","charge",14,10,24
"471","countries",11,13,24
"472","created",20,4,24
"473","davis",10,14,24
"474","directed",4,20,24
"475","effort",9,15,24
"476","eighty",10,14,24
"477","lost",19,5,24
"478","marshal",2,22,24
"479","occasion",11,13,24
"480","period",14,10,24
"481","port",1,23,24
"482","proceed",8,16,24
"483","reply",9,15,24
"484","servant",10,14,24
"485","sheridan",0,24,24
"486","soil",22,2,24
"487","southern",19,5,24
"488","words",12,12,24
"489","15",7,16,23
"490","1849",23,0,23
"491","19",9,14,23
"492","acts",9,14,23
"493","add",6,17,23
"494","additional",7,16,23
"495","address",2,21,23
"496","admitted",18,5,23
"497","allowed",11,12,23
"498","altogether",15,8,23
"499","approve",10,13,23
"500","body",16,7,23
"501","bridge",23,0,23
"502","carry",18,5,23
"503","caused",0,23,23
"504","character",16,7,23
"505","company",9,14,23
"506","contest",14,9,23
"507","deemed",3,20,23
"508","engaged",6,17,23
"509","forward",8,15,23
"510","head",17,6,23
"511","improvement",20,3,23
"512","objects",18,5,23
"513","platform",19,4,23
"514","popular",14,9,23
"515","proviso",23,0,23
"516","provost",0,23,23
"517","republic",12,11,23
"518","safe",5,18,23
"519","sense",16,7,23
"520","struggle",14,9,23
"521","trial",9,14,23
"522","twelve",7,16,23
"523","writing",9,14,23
"524","admission",15,7,22
"525","admit",20,2,22
"526","annual",4,18,22
"527","anxious",10,12,22
"528","arms",7,15,22
"529","confidence",11,11,22
"530","districts",3,19,22
"531","dr",11,11,22
"532","elect",16,6,22
"533","entire",11,11,22
"534","equally",15,7,22
"535","fail",12,10,22
"536","fall",20,2,22
"537","fourth",11,11,22
"538","governments",4,18,22
"539","hour",16,6,22
"540","increase",9,13,22
"541","james",6,16,22
"542","names",11,11,22
"543","ninth",1,21,22
"544","offices",20,2,22
"545","opposition",14,8,22
"546","railroad",9,13,22
"547","respect",13,9,22
"548","respectfully",7,15,22
"549","restoration",7,15,22
"550","scarcely",9,13,22
"551","sections",20,2,22
"552","sentence",6,16,22
"553","speaker",20,2,22
"554","stephens",1,21,22
"555","telegraph",0,22,22
"556","testimony",9,13,22
"557","thirty",16,6,22
"558","trust",10,12,22
"559","views",7,15,22
"560","29",2,19,21
"561","captured",4,17,21
"562","cast",11,10,21
"563","choose",12,9,21
"564","commission",2,19,21
"565","constantly",13,8,21
"566","date",1,20,21
"567","directly",13,8,21
"568","expected",8,13,21
"569","expressed",11,10,21
"570","feet",21,0,21
"571","fifty",10,11,21
"572","fillmore",21,0,21
"573","furnished",4,17,21
"574","grande",21,0,21
"575","including",8,13,21
"576","join",12,9,21
"577","knowledge",7,14,21
"578","live",19,2,21
"579","news",4,17,21
"580","nomination",13,8,21
"581","notice",8,13,21
"582","obedient",8,13,21
"583","potomac",0,21,21
"584","powers",5,16,21
"585","precisely",13,8,21
"586","prescribed",3,18,21
"587","rebel",0,21,21
"588","recommend",7,14,21
"589","recommendation",4,17,21
"590","require",8,13,21
"591","rio",21,0,21
"592","rule",18,3,21
"593","sufficient",17,4,21
"594","term",12,9,21
"595","thereof",1,20,21
"596","wit",4,17,21
"597","30",2,18,20
"598","administration",9,11,20
"599","appears",8,12,20
"600","bad",4,16,20
"601","boat",19,1,20
"602","buchanan",18,2,20
"603","class",10,10,20
"604","conference",0,20,20
"605","desired",16,4,20
"606","favorable",9,11,20
"607","fellow",9,11,20
"608","fixed",5,15,20
"609","leaving",8,12,20
"610","living",11,9,20
"611","maintained",11,9,20
"612","manner",9,11,20
"613","meeting",11,9,20
"614","ordinance",19,1,20
"615","pennsylvania",5,15,20
"616","pressed",8,12,20
"617","promise",11,9,20
"618","reasonable",7,13,20
"619","roads",14,6,20
"620","satisfied",13,7,20
"621","seal",0,20,20
"622","sixty",4,16,20
"623","statement",10,10,20
"624","u.s",1,19,20
"625","utah",20,0,20
"626","whereof",1,19,20
"627","13",5,14,19
"628","1850",17,2,19
"629","advance",11,8,19
"630","afterward",16,3,19
"631","application",9,10,19
"632","appointment",11,8,19
"633","assumed",4,15,19
"634","born",16,3,19
"635","claimed",13,6,19
"636","commerce",5,14,19
"637","courts",12,7,19
"638","decide",9,10,19
"639","delay",8,11,19
"640","east",10,9,19
"641","enemies",9,10,19
"642","finally",17,2,19
"643","hereunto",0,19,19
"644","instance",13,6,19
"645","intend",11,8,19
"646","island",4,15,19
"647","loss",8,11,19
"648","maintain",6,13,19
"649","northern",14,5,19
"650","opinions",17,2,19
"651","original",10,9,19
"652","owned",19,0,19
"653","privileges",0,19,19
"654","provide",3,16,19
"655","real",16,3,19
"656","recent",2,17,19
"657","remaining",12,7,19
"658","road",6,13,19
"659","rosecrans",0,19,19
"660","secure",7,12,19
"661","single",13,6,19
"662","sold",12,7,19
"663","subjects",16,3,19
"664","submit",10,9,19
"665","territorial",18,1,19
"666","wrote",12,7,19
"667","22",5,13,18
"668","25",4,14,18
"669","affixed",0,18,18
"670","appeal",14,4,18
"671","arrest",4,14,18
"672","baker",18,0,18
"673","behalf",8,10,18
"674","brave",3,15,18
"675","chicago",12,6,18
"676","commenced",14,4,18
"677","communication",1,17,18
"678","controversy",13,5,18
"679","correct",10,8,18
"680","dead",13,5,18
"681","deal",10,8,18
"682","exercise",11,7,18
"683","fairly",12,6,18
"684","fought",13,5,18
"685","importance",6,12,18
"686","indorsement",5,13,18
"687","instant",1,17,18
"688","king",15,3,18
"689","merchandise",1,17,18
"690","nashville",1,17,18
"691","perceive",8,10,18
"692","protection",2,16,18
"693","purchase",7,11,18
"694","referred",9,9,18
"695","remarks",13,5,18
"696","restore",9,9,18
"697","run",12,6,18
"698","sought",8,10,18
"699","speeches",16,2,18
"700","submitted",7,11,18
"701","substance",11,7,18
"702","test",9,9,18
"703","wholly",13,5,18
"704","witnesses",15,3,18
"705","31",4,13,17
"706","ability",8,9,17
"707","added",7,10,17
"708","argue",14,3,17
"709","ascertain",7,10,17
"710","authorities",7,10,17
"711","basis",5,12,17
"712","benefits",9,8,17
"713","blockade",0,17,17
"714","britain",11,6,17
"715","commander",5,12,17
"716","consequence",10,7,17
"717","contained",5,12,17
"718","delivered",6,11,17
"719","demand",9,8,17
"720","determined",11,6,17
"721","difficulties",7,10,17
"722","distinguished",10,7,17
"723","edwin",0,17,17
"724","exchange",2,15,17
"725","extend",14,3,17
"726","family",10,7,17
"727","forty",13,4,17
"728","gen",15,2,17
"729","grateful",3,14,17
"730","greatly",9,8,17
"731","headquarters",0,17,17
"732","honorable",4,13,17
"733","ill",10,7,17
"734","insurgent",0,17,17
"735","judicial",10,7,17
"736","local",16,1,17
"737","massachusetts",8,9,17
"738","matters",5,12,17
"739","messrs",2,15,17
"740","months",12,5,17
"741","mother",13,4,17
"742","ord",0,17,17
"743","personally",8,9,17
"744","pope",4,13,17
"745","race",15,2,17
"746","record",9,8,17
"747","revolution",16,1,17
"748","seat",13,4,17
"749","seventy",16,1,17
"750","similar",9,8,17
"751","sooner",5,12,17
"752","steele",0,17,17
"753","strength",6,11,17
"754","van",15,2,17
"755","veto",16,1,17
"756","voice",15,2,17
"757","wisconsin",8,9,17
"758","wishes",5,12,17
"759","16",3,13,16
"760","1847",16,0,16
"761","27",3,13,16
"762","adoption",11,5,16
"763","affairs",8,8,16
"764","age",16,0,16
"765","agree",11,5,16
"766","agreed",11,5,16
"767","apply",9,7,16
"768","benefit",11,5,16
"769","branch",8,8,16
"770","brother",12,4,16
"771","california",10,6,16
"772","capital",1,15,16
"773","commissioners",1,15,16
"774","declaring",8,8,16
"775","dispatch",0,16,16
"776","divided",13,3,16
"777","division",6,10,16
"778","documents",5,11,16
"779","earnest",7,9,16
"780","equality",13,3,16
"781","exclude",11,5,16
"782","executed",7,9,16
"783","existence",7,9,16
"784","extended",7,9,16
"785","extraordinary",4,12,16
"786","failed",12,4,16
"787","fit",8,8,16
"788","follow",7,9,16
"789","indispensable",1,15,16
"790","individual",11,5,16
"791","informed",7,9,16
"792","interior",8,8,16
"793","joint",5,11,16
"794","jurisdiction",13,3,16
"795","obliged",8,8,16
"796","oppose",14,2,16
"797","pardon",1,15,16
"798","prefer",12,4,16
"799","price",14,2,16
"800","probable",9,7,16
"801","products",1,15,16
"802","prosperity",10,6,16
"803","published",6,10,16
"804","ready",5,11,16
"805","regulations",1,15,16
"806","relations",4,12,16
"807","responsible",12,4,16
"808","rock",3,13,16
"809","scott",16,0,16
"810","services",6,10,16
"811","settled",15,1,16
"812","soldier",2,14,16
"813","speaking",15,1,16
"814","suggest",6,10,16
"815","suggestion",4,12,16
"816","supreme",10,6,16
"817","sustain",5,11,16
"818","transportation",7,9,16
"819","wilmot",16,0,16
"820","worth",12,4,16
"821","15th",6,9,15
"822","17",0,15,15
"823","1856",15,0,15
"824","1861",0,15,15
"825","20",1,14,15
"826","21",4,11,15
"827","23",2,13,15
"828","24",4,11,15
"829","26",2,13,15
"830","28",1,14,15
"831","accepted",2,13,15
"832","african",11,4,15
"833","agents",1,14,15
"834","almighty",1,14,15
"835","answered",11,4,15
"836","approval",4,11,15
"837","article",13,2,15
"838","beaten",11,4,15
"839","considerable",9,6,15
"840","d.c",0,15,15
"841","destruction",7,8,15
"842","difficult",6,9,15
"843","direct",8,7,15
"844","draw",15,0,15
"845","establish",13,2,15
"846","exists",12,3,15
"847","gratitude",0,15,15
"848","hardin",14,1,15
"849","herewith",2,13,15
"850","increased",4,11,15
"851","institution",14,1,15
"852","introduce",12,3,15
"853","lay",8,7,15
"854","lose",8,7,15
"855","main",11,4,15
"856","master",6,9,15
"857","meant",14,1,15
"858","millions",12,3,15
"859","mode",7,8,15
"860","nature",11,4,15
"861","newspapers",11,4,15
"862","objection",10,5,15
"863","organization",6,9,15
"864","passage",8,7,15
"865","president's",10,5,15
"866","principal",10,5,15
"867","proclaim",2,13,15
"868","produce",3,12,15
"869","provisions",5,10,15
"870","quotas",0,15,15
"871","reasons",7,8,15
"872","recently",4,11,15
"873","reduced",6,9,15
"874","repeat",7,8,15
"875","restriction",15,0,15
"876","safely",6,9,15
"877","sincere",3,12,15
"878","sound",7,8,15
"879","spoken",13,2,15
"880","struck",14,1,15
"881","sum",13,2,15
"882","suspend",0,15,15
"883","tells",10,5,15
"884","tonnage",9,6,15
"885","water",14,1,15
"886","wheel",15,0,15
"887","williams",10,5,15
"888","witness",3,12,15
"889","worthy",6,9,15
"890","yield",12,3,15
"891","1846",13,1,14
"892","1854",13,1,14
"893","accept",1,13,14
"894","accordance",3,11,14
"895","acted",5,9,14
"896","addressed",3,11,14
"897","adjustment",9,5,14
"898","aggregate",4,10,14
"899","arguments",13,1,14
"900","articles",4,10,14
"901","attend",6,8,14
"902","bond",9,5,14
"903","boston",3,11,14
"904","cavalry",0,14,14
"905","children",8,6,14
"906","columbia",13,1,14
"907","compliment",1,13,14
"908","conditions",2,12,14
"909","conformity",1,13,14
"910","correspondence",3,11,14
"911","domestic",8,6,14
"912","farther",13,1,14
"913","florida",3,11,14
"914","homes",4,10,14
"915","horace",0,14,14
"916","impression",13,1,14
"917","indian",6,8,14
"918","interfere",3,11,14
"919","masters",9,5,14
"920","met",5,9,14
"921","month",5,9,14
"922","occurred",4,10,14
"923","offer",3,11,14
"924","patriotism",6,8,14
"925","petitioner",14,0,14
"926","plain",12,2,14
"927","pleased",5,9,14
"928","positions",10,4,14
"929","possession",6,8,14
"930","progress",5,9,14
"931","protect",2,12,14
"932","purchased",8,6,14
"933","quota",0,14,14
"934","receipts",0,14,14
"935","remains",6,8,14
"936","rendered",5,9,14
"937","reported",9,5,14
"938","representative",12,2,14
"939","response",2,12,14
"940","rivers",12,2,14
"941","saint",1,13,14
"942","sale",7,7,14
"943","senators",11,3,14
"944","spoke",10,4,14
"945","surrender",7,7,14
"946","sympathy",11,3,14
"947","telling",11,3,14
"948","valuable",6,8,14
"949","vermont",2,12,14
"950","voters",6,8,14
"951","wisdom",7,7,14
"952","1845",9,4,13
"953","adopt",7,6,13
"954","assigned",0,13,13
"955","attempted",7,6,13
"956","avoid",5,8,13
"957","beg",7,6,13
"958","chairman",11,2,13
"959","chance",10,3,13
"960","classes",2,11,13
"961","committed",8,5,13
"962","complete",1,12,13
"963","concluded",6,7,13
"964","construction",5,8,13
"965","counties",9,4,13
"966","credits",3,10,13
"967","deed",13,0,13
"968","deem",4,9,13
"969","despatches",0,13,13
"970","destroyed",7,6,13
"971","distinct",6,7,13
"972","excellency",2,11,13
"973","expenses",9,4,13
"974","father",8,5,13
"975","filled",4,9,13
"976","final",8,5,13
"977","forever",9,4,13
"978","fortress",0,13,13
"979","highly",3,10,13
"980","institutions",4,9,13
"981","instrument",11,2,13
"982","issued",1,12,13
"983","learn",5,8,13
"984","lives",6,7,13
"985","man's",10,3,13
"986","mo",0,13,13
"987","monday",7,6,13
"988","natural",12,1,13
"989","organized",2,11,13
"990","partly",10,3,13
"991","permit",5,8,13
"992","pleasure",3,10,13
"993","poor",10,3,13
"994","privilege",3,10,13
"995","process",6,7,13
"996","produced",7,6,13
"997","prohibited",7,6,13
"998","proof",9,4,13
"999","propositions",7,6,13
"1000","propriety",8,5,13
"1001","quarter",8,5,13
"1002","reach",6,7,13
"1003","regiment",0,13,13
"1004","rest",10,3,13
"1005","rise",12,1,13
"1006","sensation",13,0,13
"1007","sentiment",9,4,13
"1008","substantially",8,5,13
"1009","thereto",4,9,13
"1010","told",7,6,13
"1011","urged",10,3,13
"1012","vice",6,7,13
"1013","victory",5,8,13
"1014","warren",1,12,13
"1015","withdraw",2,11,13
"1016","wright",1,12,13
"1017","14",3,9,12
"1018","1851",12,0,12
"1019","1862",0,12,12
"1020","acknowledge",6,6,12
"1021","addition",8,4,12
"1022","allegiance",2,10,12
"1023","anna",9,3,12
"1024","applied",6,6,12
"1025","appropriation",9,3,12
"1026","balance",3,9,12
"1027","blacks",7,5,12
"1028","brings",5,7,12
"1029","buren",12,0,12
"1030","carefully",9,3,12
"1031","citizen",3,9,12
"1032","clay's",12,0,12
"1033","commercial",2,10,12
"1034","conclusion",8,4,12
"1035","confer",3,9,12
"1036","confidential",11,1,12
"1037","defense",3,9,12
"1038","degree",7,5,12
"1039","deserters",0,12,12
"1040","desertion",0,12,12
"1041","determine",7,5,12
"1042","disbursements",1,11,12
"1043","drawn",8,4,12
"1044","dred",12,0,12
"1045","enter",3,9,12
"1046","examined",6,6,12
"1047","exception",11,1,12
"1048","exercised",8,4,12
"1049","feelings",9,3,12
"1050","floor",11,1,12
"1051","foregoing",2,10,12
"1052","formed",9,3,12
"1053","france",9,3,12
"1054","guns",0,12,12
"1055","harbor",5,7,12
"1056","hard",10,2,12
"1057","hoped",1,11,12
"1058","hostilities",7,5,12
"1059","included",6,6,12
"1060","inequality",12,0,12
"1061","inform",3,9,12
"1062","insurrection",1,11,12
"1063","intercourse",2,10,12
"1064","interview",0,12,12
"1065","leading",12,0,12
"1066","learned",10,2,12
"1067","led",8,4,12
"1068","lie",10,2,12
"1069","logan",12,0,12
"1070","lord",3,9,12
"1071","makes",8,4,12
"1072","memory",10,2,12
"1073","move",8,4,12
"1074","moved",8,4,12
"1075","movement",8,4,12
"1076","occasions",5,7,12
"1077","offered",2,10,12
"1078","official",1,11,12
"1079","operation",3,9,12
"1080","owners",9,3,12
"1081","pacific",2,10,12
"1082","peculiar",9,3,12
"1083","perfect",8,4,12
"1084","petersburg",0,12,12
"1085","population",8,4,12
"1086","possibly",8,4,12
"1087","practically",3,9,12
"1088","practice",10,2,12
"1089","prepared",1,11,12
"1090","preserve",5,7,12
"1091","promised",4,8,12
"1092","proportion",7,5,12
"1093","remove",9,3,12
"1094","reserved",12,0,12
"1095","resignation",0,12,12
"1096","resistance",6,6,12
"1097","resources",2,10,12
"1098","sending",6,6,12
"1099","shed",12,0,12
"1100","steamer",0,12,12
"1101","taylor's",11,1,12
"1102","transmit",1,11,12
"1103","weeks",6,6,12
"1104","1st",3,8,11
"1105","87",11,0,11
"1106","agent",2,9,11
"1107","agreement",8,3,11
"1108","amnesty",0,11,11
"1109","annexation",11,0,11
"1110","appeared",4,7,11
"1111","appoint",3,8,11
"1112","assume",8,3,11
"1113","assurance",5,6,11
"1114","authorize",5,6,11
"1115","begin",7,4,11
"1116","break",8,3,11
"1117","buy",7,4,11
"1118","campaign",4,7,11
"1119","capture",1,10,11
"1120","charles",2,9,11
"1121","chiefly",8,3,11
"1122","closed",6,5,11
"1123","coast",3,8,11
"1124","compromises",11,0,11
"1125","confident",6,5,11
"1126","conflict",1,10,11
"1127","countrymen",6,5,11
"1128","cross",10,1,11
"1129","dangerous",7,4,11
"1130","deeply",6,5,11
"1131","demanded",9,2,11
"1132","demands",2,9,11
"1133","dissolve",10,1,11
"1134","door",9,2,11
"1135","drive",8,3,11
"1136","eighth",1,10,11
"1137","event",4,7,11
"1138","exist",9,2,11
"1139","expedient",4,7,11
"1140","expression",4,7,11
"1141","expressly",9,2,11
"1142","fill",4,7,11
"1143","fremont",10,1,11
"1144","french",6,5,11
"1145","funds",11,0,11
"1146","furnish",2,9,11
"1147","greeley",0,11,11
"1148","halleck",0,11,11
"1149","hang",11,0,11
"1150","heart",7,4,11
"1151","herndon",11,0,11
"1152","hostile",3,8,11
"1153","informal",0,11,11
"1154","insurgents",0,11,11
"1155","intention",7,4,11
"1156","jersey",8,3,11
"1157","ky",0,11,11
"1158","limited",6,5,11
"1159","louisville",3,8,11
"1160","maine",9,2,11
"1161","material",4,7,11
"1162","minister",3,8,11
"1163","morrow",4,7,11
"1164","mutual",2,9,11
"1165","northwest",11,0,11
"1166","notify",0,11,11
"1167","orleans",4,7,11
"1168","petition",4,7,11
"1169","plainly",8,3,11
"1170","preceding",5,6,11
"1171","proved",8,3,11
"1172","raised",5,6,11
"1173","rebels",1,10,11
"1174","recommended",7,4,11
"1175","reconstruction",0,11,11
"1176","refused",6,5,11
"1177","register",11,0,11
"1178","reject",6,5,11
"1179","removed",9,2,11
"1180","residing",6,5,11
"1181","returned",4,7,11
"1182","returns",3,8,11
"1183","safety",4,7,11
"1184","sake",8,3,11
"1185","seamen",0,11,11
"1186","seats",4,7,11
"1187","secured",9,2,11
"1188","seeking",5,6,11
"1189","serve",0,11,11
"1190","share",7,4,11
"1191","smith",4,7,11
"1192","society",9,2,11
"1193","son",4,7,11
"1194","speed",11,0,11
"1195","spite",9,2,11
"1196","spread",11,0,11
"1197","stood",9,2,11
"1198","superior",5,6,11
"1199","suspension",3,8,11
"1200","telegraphed",0,11,11
"1201","tenn",0,11,11
"1202","tobacco",2,9,11
"1203","triumph",7,4,11
"1204","trouble",8,3,11
"1205","vast",7,4,11
"1206","venture",9,2,11
"1207","violation",8,3,11
"1208","women",3,8,11
"1209","worse",8,3,11
"1210","13th",1,9,10
"1211","1857",10,0,10
"1212","accompanying",3,7,10
"1213","acres",2,8,10
"1214","africa",10,0,10
"1215","afton",10,0,10
"1216","alike",7,3,10
"1217","americans",10,0,10
"1218","armed",1,9,10
"1219","assure",7,3,10
"1220","atlanta",0,10,10
"1221","attempting",7,3,10
"1222","bear",4,6,10
"1223","belief",3,7,10
"1224","bills",10,0,10
"1225","blow",7,3,10
"1226","book",5,5,10
"1227","border",6,4,10
"1228","cabinet",2,8,10
"1229","canal",10,0,10
"1230","captain",4,6,10
"1231","cease",3,7,10
"1232","certificate",2,8,10
"1233","christian",6,4,10
"1234","church",0,10,10
"1235","congressional",8,2,10
"1236","connected",7,3,10
"1237","consequences",6,4,10
"1238","constitutionality",10,0,10
"1239","consuls",0,10,10
"1240","cost",5,5,10
"1241","de",4,6,10
"1242","declares",9,1,10
"1243","defeat",6,4,10
"1244","desert",5,5,10
"1245","designated",0,10,10
"1246","desirable",1,9,10
"1247","died",4,6,10
"1248","directs",0,10,10
"1249","discussion",6,4,10
"1250","disloyal",0,10,10
"1251","disposed",3,7,10
"1252","distinction",8,2,10
"1253","divine",5,5,10
"1254","double",7,3,10
"1255","doubtful",9,1,10
"1256","earth",8,2,10
"1257","education",7,3,10
"1258","edwards",10,0,10
"1259","effected",6,4,10
"1260","enable",5,5,10
"1261","establishment",4,6,10
"1262","estimate",7,3,10
"1263","evening",2,8,10
"1264","exact",6,4,10
"1265","examination",6,4,10
"1266","existed",6,4,10
"1267","fighting",4,6,10
"1268","forced",9,1,10
"1269","friendly",1,9,10
"1270","fugitive",10,0,10
"1271","gallant",2,8,10
"1272","generals",0,10,10
"1273","growing",8,2,10
"1274","hampshire",4,6,10
"1275","hay",1,9,10
"1276","holding",4,6,10
"1277","impossible",3,7,10
"1278","inclined",7,3,10
"1279","introduced",10,0,10
"1280","jackson",9,1,10
"1281","liberal",1,9,10
"1282","lies",9,1,10
"1283","light",5,5,10
"1284","lower",10,0,10
"1285","mass",6,4,10
"1286","mention",8,2,10
"1287","mighty",8,2,10
"1288","morgan",7,3,10
"1289","motive",7,3,10
"1290","named",2,8,10
"1291","nation's",0,10,10
"1292","o'clock",4,6,10
"1293","origin",8,2,10
"1294","passing",8,2,10
"1295","patriotic",3,7,10
"1296","permitted",5,5,10
"1297","polk",10,0,10
"1298","precise",8,2,10
"1299","presence",3,7,10
"1300","presidency",8,2,10
"1301","prison",1,9,10
"1302","proceedings",2,8,10
"1303","protest",4,6,10
"1304","qualified",5,5,10
"1305","quarters",3,7,10
"1306","quiet",7,3,10
"1307","rapidly",6,4,10
"1308","receiving",6,4,10
"1309","refuse",10,0,10
"1310","relief",1,9,10
"1311","repeated",5,5,10
"1312","requires",3,7,10
"1313","respects",6,4,10
"1314","revenue",2,8,10
"1315","running",8,2,10
"1316","saving",7,3,10
"1317","sec",10,0,10
"1318","sincerely",6,4,10
"1319","skill",4,6,10
"1320","source",5,5,10
"1321","spain",8,2,10
"1322","standing",10,0,10
"1323","successful",5,5,10
"1324","suitable",3,7,10
"1325","surplus",5,5,10
"1326","tail",10,0,10
"1327","takes",7,3,10
"1328","town",2,8,10
"1329","trumbull",8,2,10
"1330","universal",9,1,10
"1331","utmost",1,9,10
"1332","vessel",2,8,10
"1333","visit",3,7,10
"1334","wise",9,1,10
"1335","wished",8,2,10
"1336","14th",3,6,9
"1337","1803",9,0,9
"1338","1820",9,0,9
"1339","1822",9,0,9
"1340","1858",8,1,9
"1341","29th",7,2,9
"1342","4th",1,8,9
"1343","accounts",7,2,9
"1344","acquired",9,0,9
"1345","admiral",0,9,9
"1346","agitation",9,0,9
"1347","alabama",4,5,9
"1348","allowing",7,2,9
"1349","announced",1,8,9
"1350","anti",8,1,9
"1351","arrested",2,7,9
"1352","assistance",1,8,9
"1353","avery",9,0,9
"1354","ballot",9,0,9
"1355","banks",2,7,9
"1356","bless",1,8,9
"1357","bondage",8,1,9
"1358","bound",9,0,9
"1359","bounties",0,9,9
"1360","bramlette",0,9,9
"1361","burbridge",0,9,9
"1362","carrying",4,5,9
"1363","certificates",4,5,9
"1364","chances",7,2,9
"1365","changed",5,4,9
"1366","chattanooga",0,9,9
"1367","cipher",0,9,9
"1368","colonization",8,1,9
"1369","complaint",1,8,9
"1370","concern",3,6,9
"1371","concerned",4,5,9
"1372","consistent",4,5,9
"1373","continent",5,4,9
"1374","cordially",2,7,9
"1375","credit",2,7,9
"1376","curtin",0,9,9
"1377","curtis",2,7,9
"1378","david",5,4,9
"1379","delegates",8,1,9
"1380","denied",7,2,9
"1381","departments",1,8,9
"1382","devoted",6,3,9
"1383","devotion",4,5,9
"1384","discharge",4,5,9
"1385","discharged",1,8,9
"1386","discussed",4,5,9
"1387","doctrine",9,0,9
"1388","drafted",1,8,9
"1389","entered",4,5,9
"1390","essential",2,7,9
"1391","examine",4,5,9
"1392","excepted",2,7,9
"1393","expediency",5,4,9
"1394","experience",7,2,9
"1395","eyes",9,0,9
"1396","fathers",8,1,9
"1397","fell",6,3,9
"1398","fifteen",4,5,9
"1399","foot",7,2,9
"1400","forgotten",4,5,9
"1401","frank",0,9,9
"1402","grave",6,3,9
"1403","harmony",5,4,9
"1404","hearing",5,4,9
"1405","hearts",3,6,9
"1406","hours",2,7,9
"1407","include",7,2,9
"1408","inquiry",4,5,9
"1409","labors",1,8,9
"1410","larger",6,3,9
"1411","lee",2,7,9
"1412","looked",5,4,9
"1413","martial",0,9,9
"1414","michigan",8,1,9
"1415","midst",4,5,9
"1416","minority",9,0,9
"1417","moment",5,4,9
"1418","motion",9,0,9
"1419","native",6,3,9
"1420","nominated",7,2,9
"1421","notes",7,2,9
"1422","obligations",7,2,9
"1423","obvious",5,4,9
"1424","opportunity",6,3,9
"1425","opposite",7,2,9
"1426","particulars",3,6,9
"1427","perfectly",8,1,9
"1428","philadelphia",4,5,9
"1429","precedent",8,1,9
"1430","press",6,3,9
"1431","previous",7,2,9
"1432","prohibit",6,3,9
"1433","prominent",7,2,9
"1434","publication",1,8,9
"1435","races",8,1,9
"1436","reaching",0,9,9
"1437","receipt",2,7,9
"1438","recognize",3,6,9
"1439","reeside",9,0,9
"1440","regarded",7,2,9
"1441","regret",5,4,9
"1442","rejected",8,1,9
"1443","sailors",0,9,9
"1444","sangamon",9,0,9
"1445","santa",9,0,9
"1446","satisfaction",5,4,9
"1447","saturday",1,8,9
"1448","secret",2,7,9
"1449","seek",4,5,9
"1450","separate",8,1,9
"1451","sept",9,0,9
"1452","signal",3,6,9
"1453","sixth",3,6,9
"1454","specific",6,3,9
"1455","step",4,5,9
"1456","straight",9,0,9
"1457","subsequent",3,6,9
"1458","subsequently",1,8,9
"1459","succeed",6,3,9
"1460","suggested",4,5,9
"1461","suit",9,0,9
"1462","supplies",7,2,9
"1463","suppressed",1,8,9
"1464","sustained",4,5,9
"1465","task",5,4,9
"1466","tendency",6,3,9
"1467","tender",0,9,9
"1468","tendered",0,9,9
"1469","thrown",7,2,9
"1470","total",3,6,9
"1471","touching",2,7,9
"1472","treat",7,2,9
"1473","utter",7,2,9
"1474","weitzel",0,9,9
"1475","5th",3,5,8
"1476","abide",3,5,8
"1477","abolition",7,1,8
"1478","absence",3,5,8
"1479","absolutely",6,2,8
"1480","adjoining",2,6,8
"1481","adjutant",0,8,8
"1482","advocate",5,3,8
"1483","afford",5,3,8
"1484","agency",5,3,8
"1485","amalgamation",8,0,8
"1486","anxiety",4,4,8
"1487","applicable",3,5,8
"1488","applicant",8,0,8
"1489","approach",4,4,8
"1490","arrangement",3,5,8
"1491","atlantic",1,7,8
"1492","audience",7,1,8
"1493","average",7,1,8
"1494","begun",6,2,8
"1495","belonging",0,8,8
"1496","blessings",2,6,8
"1497","bounty",3,5,8
"1498","brilliant",2,6,8
"1499","broad",7,1,8
"1500","brown",4,4,8
"1501","built",5,3,8
"1502","calling",2,6,8
"1503","capacities",8,0,8
"1504","central",7,1,8
"1505","charges",7,1,8
"1506","chase",2,6,8
"1507","clerk",6,2,8
"1508","code",4,4,8
"1509","collection",1,7,8
"1510","commanders",0,8,8
"1511","conceived",6,2,8
"1512","conclusions",6,2,8
"1513","conscience",6,2,8
"1514","conversation",3,5,8
"1515","cotton",5,3,8
"1516","crime",7,1,8
"1517","currents",8,0,8
"1518","decisions",8,0,8
"1519","defend",3,5,8
"1520","definite",2,6,8
"1521","delegation",2,6,8
"1522","derived",2,6,8
"1523","destroy",5,3,8
"1524","detail",1,7,8
"1525","directions",2,6,8
"1526","disappointed",3,5,8
"1527","discovered",6,2,8
"1528","distant",6,2,8
"1529","dodge",0,8,8
"1530","doubtless",6,2,8
"1531","earnestly",1,7,8
"1532","eat",7,1,8
"1533","effectually",5,3,8
"1534","element",2,6,8
"1535","eleven",5,3,8
"1536","eloquent",6,2,8
"1537","embarrassment",2,6,8
"1538","europe",2,6,8
"1539","exceedingly",4,4,8
"1540","excuse",5,3,8
"1541","expense",6,2,8
"1542","experiment",7,1,8
"1543","explain",1,7,8
"1544","fast",8,0,8
"1545","firmly",6,2,8
"1546","gillespie",8,0,8
"1547","glorious",7,1,8
"1548","gold",3,5,8
"1549","grant's",0,8,8
"1550","guilty",2,6,8
"1551","habit",7,1,8
"1552","happy",6,2,8
"1553","harrison",8,0,8
"1554","health",3,5,8
"1555","hearty",1,7,8
"1556","heaven",5,3,8
"1557","henderson",4,4,8
"1558","hired",1,7,8
"1559","horse",8,0,8
"1560","horses",7,1,8
"1561","houses",3,5,8
"1562","humanity",6,2,8
"1563","improved",5,3,8
"1564","inconsistent",1,7,8
"1565","independent",4,4,8
"1566","indians",1,7,8
"1567","induced",2,6,8
"1568","infantry",0,8,8
"1569","inquire",2,6,8
"1570","instructed",5,3,8
"1571","involved",4,4,8
"1572","johnston",7,1,8
"1573","joshua",8,0,8
"1574","judges",4,4,8
"1575","keeping",4,4,8
"1576","laborers",0,8,8
"1577","lawful",1,7,8
"1578","lawyer",7,1,8
"1579","lead",5,3,8
"1580","legislative",6,2,8
"1581","length",6,2,8
"1582","liable",3,5,8
"1583","located",5,3,8
"1584","love",7,1,8
"1585","low",7,1,8
"1586","mail",7,1,8
"1587","middle",5,3,8
"1588","mobile",0,8,8
"1589","modified",2,6,8
"1590","movements",1,7,8
"1591","moving",3,5,8
"1592","mulattoes",8,0,8
"1593","necessarily",2,6,8
"1594","negative",8,0,8
"1595","nevada",0,8,8
"1596","newspaper",5,3,8
"1597","nicaragua",0,8,8
"1598","noble",3,5,8
"1599","objections",7,1,8
"1600","occupied",4,4,8
"1601","ocean",2,6,8
"1602","offense",0,8,8
"1603","opponents",6,2,8
"1604","ordinary",5,3,8
"1605","paying",4,4,8
"1606","peaceful",7,1,8
"1607","pending",0,8,8
"1608","people's",4,4,8
"1609","permanent",0,8,8
"1610","permission",2,6,8
"1611","phrase",4,4,8
"1612","prayer",1,7,8
"1613","prayers",1,7,8
"1614","preamble",7,1,8
"1615","pretty",4,4,8
"1616","prevented",5,3,8
"1617","previously",4,4,8
"1618","printed",2,6,8
"1619","procure",2,6,8
"1620","profession",4,4,8
"1621","prohibition",8,0,8
"1622","providence",2,6,8
"1623","pursuance",0,8,8
"1624","rate",8,0,8
"1625","recognized",4,4,8
"1626","refer",0,8,8
"1627","regulate",4,4,8
"1628","reliable",3,5,8
"1629","reliance",2,6,8
"1630","remark",8,0,8
"1631","render",0,8,8
"1632","repudiated",7,1,8
"1633","restoring",3,5,8
"1634","retain",5,3,8
"1635","returning",1,7,8
"1636","rightful",4,4,8
"1637","rose",8,0,8
"1638","route",2,6,8
"1639","san",0,8,8
"1640","schenck",0,8,8
"1641","schofield",0,8,8
"1642","securing",3,5,8
"1643","sell",8,0,8
"1644","separation",7,1,8
"1645","seventh",2,6,8
"1646","simply",3,5,8
"1647","situation",6,2,8
"1648","speedy",4,4,8
"1649","spot",8,0,8
"1650","stands",6,2,8
"1651","statesman",8,0,8
"1652","station",2,6,8
"1653","stream",6,2,8
"1654","substantial",3,5,8
"1655","suggestions",1,7,8
"1656","supported",3,5,8
"1657","surely",4,4,8
"1658","suspended",0,8,8
"1659","telegraphs",0,8,8
"1660","temporary",1,7,8
"1661","tenth",3,5,8
"1662","thinking",7,1,8
"1663","ultimate",4,4,8
"1664","unjust",6,2,8
"1665","week",5,3,8
"1666","whites",8,0,8
"1667","yates",3,5,8
"1668","1844",7,0,7
"1669","3d",1,6,7
"1670","7th",3,4,7
"1671","8th",2,5,7
"1672","9th",5,2,7
"1673","active",2,5,7
"1674","advanced",1,6,7
"1675","arisen",2,5,7
"1676","arising",2,5,7
"1677","ascertained",3,4,7
"1678","aspect",4,3,7
"1679","assembled",3,4,7
"1680","attended",3,4,7
"1681","attorney",4,3,7
"1682","avowed",7,0,7
"1683","aware",6,1,7
"1684","beat",7,0,7
"1685","believing",4,3,7
"1686","board",3,4,7
"1687","briefly",3,4,7
"1688","camp",0,7,7
"1689","candidates",5,2,7
"1690","career",6,1,7
"1691","careful",3,4,7
"1692","catch",7,0,7
"1693","cent",5,2,7
"1694","century",7,0,7
"1695","choice",4,3,7
"1696","closing",3,4,7
"1697","color",4,3,7
"1698","comfort",1,6,7
"1699","commencement",2,5,7
"1700","communications",0,7,7
"1701","compelled",6,1,7
"1702","concur",0,7,7
"1703","constituents",7,0,7
"1704","constitutes",3,4,7
"1705","constitutions",5,2,7
"1706","contemplated",1,6,7
"1707","continues",0,7,7
"1708","convinced",4,3,7
"1709","count",4,3,7
"1710","courage",0,7,7
"1711","deep",4,3,7
"1712","defeated",7,0,7
"1713","defined",6,1,7
"1714","deliver",2,5,7
"1715","desires",1,6,7
"1716","desperate",4,3,7
"1717","determination",2,5,7
"1718","disaster",3,4,7
"1719","distance",6,1,7
"1720","distinctly",3,4,7
"1721","document",4,3,7
"1722","drop",5,2,7
"1723","effective",2,5,7
"1724","enemy's",1,6,7
"1725","enterprise",2,5,7
"1726","exclusively",4,3,7
"1727","exercising",5,2,7
"1728","exhibited",2,5,7
"1729","fallen",3,4,7
"1730","false",3,4,7
"1731","fee",7,0,7
"1732","ferry",0,7,7
"1733","finding",5,2,7
"1734","fire",5,2,7
"1735","foreigners",3,4,7
"1736","forthwith",5,2,7
"1737","friendship",4,3,7
"1738","front",1,6,7
"1739","fruit",4,3,7
"1740","generous",2,5,7
"1741","globe",7,0,7
"1742","governors",1,6,7
"1743","gradual",7,0,7
"1744","happen",5,2,7
"1745","harper's",0,7,7
"1746","hate",7,0,7
"1747","hinder",2,5,7
"1748","honest",6,1,7
"1749","hostility",1,6,7
"1750","hung",6,1,7
"1751","imported",2,5,7
"1752","incumbent",6,1,7
"1753","indebted",3,4,7
"1754","indefinite",6,1,7
"1755","individuals",6,1,7
"1756","indorsed",5,2,7
"1757","informally",1,6,7
"1758","inhabitants",7,0,7
"1759","insist",7,0,7
"1760","introduction",5,2,7
"1761","judge's",7,0,7
"1762","justly",2,5,7
"1763","key",2,5,7
"1764","knowing",5,2,7
"1765","ladies",0,7,7
"1766","laid",1,6,7
"1767","laughter",7,0,7
"1768","lewis",2,5,7
"1769","liberties",3,4,7
"1770","loved",6,1,7
"1771","manufactures",2,5,7
"1772","maritime",0,7,7
"1773","mclean",6,1,7
"1774","mcpheeters",0,7,7
"1775","memorandum",1,6,7
"1776","milroy",0,7,7
"1777","minds",4,3,7
"1778","minutes",7,0,7
"1779","mistaken",4,3,7
"1780","modify",0,7,7
"1781","murphy",0,7,7
"1782","naked",7,0,7
"1783","norfolk",0,7,7
"1784","nueces",7,0,7
"1785","obedience",5,2,7
"1786","obtained",3,4,7
"1787","offence",4,3,7
"1788","omission",4,3,7
"1789","omitted",5,2,7
"1790","openly",6,1,7
"1791","opposing",4,3,7
"1792","owe",5,2,7
"1793","patent",5,2,7
"1794","payment",3,4,7
"1795","performed",4,3,7
"1796","play",6,1,7
"1797","politics",7,0,7
"1798","postpone",1,6,7
"1799","preservation",2,5,7
"1800","pressing",1,6,7
"1801","prior",1,6,7
"1802","proceeded",3,4,7
"1803","proceeds",3,4,7
"1804","promptly",0,7,7
"1805","properly",4,3,7
"1806","proving",5,2,7
"1807","quantity",0,7,7
"1808","rank",1,6,7
"1809","rapid",4,3,7
"1810","rations",7,0,7
"1811","reading",3,4,7
"1812","realize",6,1,7
"1813","records",3,4,7
"1814","reduction",4,3,7
"1815","regularly",3,4,7
"1816","relating",0,7,7
"1817","remembered",3,4,7
"1818","renewed",3,4,7
"1819","republicans",7,0,7
"1820","requested",2,5,7
"1821","responsibility",4,3,7
"1822","retained",6,1,7
"1823","revolutionary",5,2,7
"1824","robert",2,5,7
"1825","root",5,2,7
"1826","round",7,0,7
"1827","rules",2,5,7
"1828","sea",1,6,7
"1829","sentiments",5,2,7
"1830","serenade",0,7,7
"1831","served",3,4,7
"1832","ship",3,4,7
"1833","sign",4,3,7
"1834","signed",1,6,7
"1835","sole",3,4,7
"1836","sources",1,6,7
"1837","steadily",6,1,7
"1838","steady",6,1,7
"1839","story",4,3,7
"1840","strike",6,1,7
"1841","struggling",3,4,7
"1842","suppress",3,4,7
"1843","taxation",0,7,7
"1844","transfer",6,1,7
"1845","ultimo",1,6,7
"1846","undertake",3,4,7
"1847","unwilling",5,2,7
"1848","usual",4,3,7
"1849","vacancy",6,1,7
"1850","vague",3,4,7
"1851","violated",5,2,7
"1852","voluntarily",1,6,7
"1853","wait",2,5,7
"1854","wallace",1,6,7
"1855","weak",4,3,7
"1856","whitney",7,0,7
"1857","wide",7,0,7
"1858","winchester",0,7,7
"1859","1500",5,1,6
"1860","1819",6,0,6
"1861","1852",6,0,6
"1862","1855",6,0,6
"1863","8.30",0,6,6
"1864","abolish",4,2,6
"1865","abolishing",0,6,6
"1866","abolitionist",6,0,6
"1867","abolitionists",6,0,6
"1868","abroad",0,6,6
"1869","absolute",2,4,6
"1870","abstract",3,3,6
"1871","accepting",3,3,6
"1872","accomplished",1,5,6
"1873","acknowledgment",1,5,6
"1874","acquainted",4,2,6
"1875","acquisition",6,0,6
"1876","adams",3,3,6
"1877","adjourned",5,1,6
"1878","adversaries",6,0,6
"1879","afternoon",1,5,6
"1880","ahead",4,2,6
"1881","alexander",1,5,6
"1882","allowance",3,3,6
"1883","alternate",5,1,6
"1884","anticipated",1,5,6
"1885","apparent",4,2,6
"1886","apparently",3,3,6
"1887","apprehension",5,1,6
"1888","approbation",4,2,6
"1889","arose",5,1,6
"1890","arrival",2,4,6
"1891","asserted",5,1,6
"1892","assumption",4,2,6
"1893","authors",6,0,6
"1894","avoided",1,5,6
"1895","based",4,2,6
"1896","benevolent",3,3,6
"1897","bent",6,0,6
"1898","boal",6,0,6
"1899","bringing",4,2,6
"1900","browning",6,0,6
"1901","burdens",2,4,6
"1902","burnside",0,6,6
"1903","butterfield",6,0,6
"1904","calls",4,2,6
"1905","canada",4,2,6
"1906","cash",1,5,6
"1907","caucus",5,1,6
"1908","cessation",2,4,6
"1909","chambers",6,0,6
"1910","champion",6,0,6
"1911","chancellor",6,0,6
"1912","child",5,1,6
"1913","churches",0,6,6
"1914","circuit",6,0,6
"1915","civilized",4,2,6
"1916","coat",6,0,6
"1917","col",2,4,6
"1918","commanded",3,3,6
"1919","commencing",3,3,6
"1920","commend",1,5,6
"1921","community",3,3,6
"1922","completed",0,6,6
"1923","conclusive",4,2,6
"1924","condemned",3,3,6
"1925","conducted",0,6,6
"1926","conferred",2,4,6
"1927","confess",3,3,6
"1928","constant",2,4,6
"1929","constitute",5,1,6
"1930","constituted",1,5,6
"1931","consummation",2,4,6
"1932","content",5,1,6
"1933","contraband",0,6,6
"1934","contribute",3,3,6
"1935","convicted",2,4,6
"1936","conviction",1,5,6
"1937","convince",6,0,6
"1938","cool",5,1,6
"1939","credited",1,5,6
"1940","crisis",2,4,6
"1941","cut",3,3,6
"1942","dated",1,5,6
"1943","dec",6,0,6
"1944","decree",6,0,6
"1945","defendants",5,1,6
"1946","delegate",6,0,6
"1947","delivery",3,3,6
"1948","departed",3,3,6
"1949","departure",3,3,6
"1950","die",4,2,6
"1951","differences",2,4,6
"1952","discretion",3,3,6
"1953","disposition",3,3,6
"1954","disregard",5,1,6
"1955","dissolved",6,0,6
"1956","dividing",5,1,6
"1957","doctor",3,3,6
"1958","dozen",4,2,6
"1959","driven",2,4,6
"1960","drove",3,3,6
"1961","earliest",5,1,6
"1962","eastern",3,3,6
"1963","easy",3,3,6
"1964","efficient",4,2,6
"1965","elective",2,4,6
"1966","eloquence",6,0,6
"1967","employed",1,5,6
"1968","energies",2,4,6
"1969","engineers",4,2,6
"1970","enrolling",0,6,6
"1971","equivalent",5,1,6
"1972","estimated",2,4,6
"1973","evident",6,0,6
"1974","exclusive",3,3,6
"1975","expenditures",1,5,6
"1976","exported",0,6,6
"1977","extreme",5,1,6
"1978","faithfully",1,5,6
"1979","falls",2,4,6
"1980","fearful",5,1,6
"1981","firm",4,2,6
"1982","fitting",0,6,6
"1983","forbade",3,3,6
"1984","forget",4,2,6
"1985","fourteen",4,2,6
"1986","franchise",2,4,6
"1987","frequently",4,2,6
"1988","george",2,4,6
"1989","gettysburg",0,6,6
"1990","granted",3,3,6
"1991","gratified",1,5,6
"1992","grow",5,1,6
"1993","guarantee",0,6,6
"1994","happiness",6,0,6
"1995","harbors",5,1,6
"1996","harm",2,4,6
"1997","heads",2,4,6
"1998","heavy",4,2,6
"1999","hire",3,3,6
"2000","hoffman",0,6,6
"2001","holds",3,3,6
"2002","honestly",4,2,6
"2003","hurlbut",0,6,6
"2004","imposed",0,6,6
"2005","impressed",1,5,6
"2006","induce",3,3,6
"2007","intelligence",2,4,6
"2008","international",0,6,6
"2009","invasion",3,3,6
"2010","invite",0,6,6
"2011","involving",4,2,6
"2012","item",6,0,6
"2013","job",4,2,6
"2014","kent",6,0,6
"2015","kindness",2,4,6
"2016","knoxville",0,6,6
"2017","lack",3,3,6
"2018","leaves",3,3,6
"2019","lexington",1,5,6
"2020","linder",0,6,6
"2021","losing",5,1,6
"2022","lovejoy",5,1,6
"2023","madison",5,1,6
"2024","manifest",3,3,6
"2025","manuscript",0,6,6
"2026","mark",4,2,6
"2027","mary",4,2,6
"2028","meantime",2,4,6
"2029","merit",2,4,6
"2030","messenger",1,5,6
"2031","mines",3,3,6
"2032","minnesota",5,1,6
"2033","moderation",6,0,6
"2034","mothers",3,3,6
"2035","motives",4,2,6
"2036","mountains",3,3,6
"2037","mouth",6,0,6
"2038","naturally",3,3,6
"2039","navigation",4,2,6
"2040","neighbor",5,1,6
"2041","northwestern",6,0,6
"2042","notwithstanding",2,4,6
"2043","oblige",3,3,6
"2044","observed",2,4,6
"2045","obtaining",6,0,6
"2046","offering",2,4,6
"2047","omit",3,3,6
"2048","oppressed",4,2,6
"2049","oppression",4,2,6
"2050","ord's",0,6,6
"2051","owing",2,4,6
"2052","owner",6,0,6
"2053","palmer",6,0,6
"2054","pardoned",0,6,6
"2055","passion",5,1,6
"2056","pensacola",0,6,6
"2057","pensioners",0,6,6
"2058","pensions",0,6,6
"2059","perform",2,4,6
"2060","perpetuate",3,3,6
"2061","petitioners",6,0,6
"2062","pilot",6,0,6
"2063","plans",1,5,6
"2064","politically",6,0,6
"2065","polls",2,4,6
"2066","postal",0,6,6
"2067","practicable",2,4,6
"2068","pray",3,3,6
"2069","preparing",4,2,6
"2070","pretend",4,2,6
"2071","proclamations",0,6,6
"2072","profit",3,3,6
"2073","prospective",4,2,6
"2074","proves",3,3,6
"2075","provinces",0,6,6
"2076","punishment",2,4,6
"2077","putting",2,4,6
"2078","raise",3,3,6
"2079","ranks",3,3,6
"2080","regiments",0,6,6
"2081","region",2,4,6
"2082","registered",5,1,6
"2083","relieve",3,3,6
"2084","remarkable",2,4,6
"2085","removal",4,2,6
"2086","replied",5,1,6
"2087","reports",1,5,6
"2088","represented",3,3,6
"2089","resigned",2,4,6
"2090","resist",4,2,6
"2091","restored",3,3,6
"2092","review",3,3,6
"2093","sacrifice",4,2,6
"2094","saved",5,1,6
"2095","seaboard",3,3,6
"2096","servants",6,0,6
"2097","settle",5,1,6
"2098","settlements",4,2,6
"2099","shot",0,6,6
"2100","silent",5,1,6
"2101","singular",6,0,6
"2102","situated",3,3,6
"2103","slightest",5,1,6
"2104","social",3,3,6
"2105","specially",0,6,6
"2106","staff",0,6,6
"2107","stanley",0,6,6
"2108","started",1,5,6
"2109","statements",4,2,6
"2110","statesmen",5,1,6
"2111","statistics",6,0,6
"2112","steamboat",5,1,6
"2113","stipulated",3,3,6
"2114","strictly",4,2,6
"2115","stronger",4,2,6
"2116","sufficiently",2,4,6
"2117","supposing",5,1,6
"2118","suppression",1,5,6
"2119","suspicion",6,0,6
"2120","sustaining",1,5,6
"2121","tariff",6,0,6
"2122","tax",1,5,6
"2123","temporarily",2,4,6
"2124","terrible",2,4,6
"2125","thanksgiving",0,6,6
"2126","thirtieth",2,4,6
"2127","throw",5,1,6
"2128","tone",3,3,6
"2129","towns",3,3,6
"2130","twelfth",1,5,6
"2131","unanimous",3,3,6
"2132","utterly",4,2,6
"2133","verbal",0,6,6
"2134","vigorous",4,2,6
"2135","vital",2,4,6
"2136","volume",3,3,6
"2137","voter",3,3,6
"2138","ward",0,6,6
"2139","wealth",0,6,6
"2140","webster",4,2,6
"2141","wednesday",1,5,6
"2142","wild",6,0,6
"2143","withdrawal",1,5,6
"2144","woe",2,4,6
"2145","wonderful",5,1,6
"2146","10.30",0,5,5
"2147","10th",1,4,5
"2148","1800",4,1,5
"2149","1812",5,0,5
"2150","1821",4,1,5
"2151","1853",5,0,5
"2152","19th",2,3,5
"2153","22d",2,3,5
"2154","28th",0,5,5
"2155","31st",3,2,5
"2156","50",5,0,5
"2157","a.d",0,5,5
"2158","abandon",2,3,5
"2159","abandoned",2,3,5
"2160","absurdity",5,0,5
"2161","abundant",0,5,5
"2162","abuse",1,4,5
"2163","acceptable",0,5,5
"2164","acquaintance",2,3,5
"2165","acquisitions",5,0,5
"2166","acting",2,3,5
"2167","adhere",3,2,5
"2168","adjust",2,3,5
"2169","administered",1,4,5
"2170","advocates",4,1,5
"2171","affect",3,2,5
"2172","agricultural",0,5,5
"2173","aided",1,4,5
"2174","amounting",2,3,5
"2175","ample",4,1,5
"2176","angle",5,0,5
"2177","annexed",4,1,5
"2178","announcement",0,5,5
"2179","appropriations",3,2,5
"2180","approving",3,2,5
"2181","arise",4,1,5
"2182","arming",0,5,5
"2183","arrayed",4,1,5
"2184","arrived",2,3,5
"2185","ascertaining",3,2,5
"2186","assail",5,0,5
"2187","assent",4,1,5
"2188","assert",5,0,5
"2189","association",1,4,5
"2190","assumes",4,1,5
"2191","auditor",5,0,5
"2192","author",5,0,5
"2193","battles",2,3,5
"2194","bearer",0,5,5
"2195","bearing",1,4,5
"2196","beautiful",4,1,5
"2197","believes",5,0,5
"2198","benjamin",3,2,5
"2199","bible",3,2,5
"2200","blame",3,2,5
"2201","blanchard",4,1,5
"2202","blessing",1,4,5
"2203","bloody",4,1,5
"2204","bloomington",5,0,5
"2205","boats",5,0,5
"2206","books",2,3,5
"2207","bow",5,0,5
"2208","breach",3,2,5
"2209","bread",2,3,5
"2210","broke",5,0,5
"2211","broken",3,2,5
"2212","brough",0,5,5
"2213","build",2,3,5
"2214","building",4,1,5
"2215","burned",3,2,5
"2216","capacity",2,3,5
"2217","card",0,5,5
"2218","carpenter",1,4,5
"2219","cass's",5,0,5
"2220","ceased",4,1,5
"2221","channel",5,0,5
"2222","charleston",4,1,5
"2223","check",4,1,5
"2224","cheerfully",1,4,5
"2225","cherished",3,2,5
"2226","chosen",4,1,5
"2227","civilization",2,3,5
"2228","claiming",4,1,5
"2229","clerks",1,4,5
"2230","closely",1,4,5
"2231","coles",5,0,5
"2232","colonies",5,0,5
"2233","commence",5,0,5
"2234","commissioner",2,3,5
"2235","commissions",0,5,5
"2236","comparatively",4,1,5
"2237","compared",3,2,5
"2238","comparison",5,0,5
"2239","compensation",3,2,5
"2240","competent",0,5,5
"2241","complain",2,3,5
"2242","completion",1,4,5
"2243","complied",1,4,5
"2244","comply",2,3,5
"2245","conclude",3,2,5
"2246","confederacy",5,0,5
"2247","confidently",3,2,5
"2248","confined",5,0,5
"2249","confusion",2,3,5
"2250","connecticut",2,3,5
"2251","consented",5,0,5
"2252","considers",5,0,5
"2253","constitutionally",2,3,5
"2254","construed",1,4,5
"2255","contending",5,0,5
"2256","convenient",2,3,5
"2257","conventions",1,4,5
"2258","corpus",0,5,5
"2259","counsel",5,0,5
"2260","cover",4,1,5
"2261","crop",5,0,5
"2262","cruel",2,3,5
"2263","currency",3,2,5
"2264","custody",1,4,5
"2265","daily",4,1,5
"2266","dare",4,1,5
"2267","daughters",3,2,5
"2268","deciding",4,1,5
"2269","decline",1,4,5
"2270","dedicated",1,4,5
"2271","deficiency",0,5,5
"2272","degrading",5,0,5
"2273","degrees",5,0,5
"2274","deserted",4,1,5
"2275","design",2,3,5
"2276","despotism",4,1,5
"2277","detriment",0,5,5
"2278","differed",3,2,5
"2279","discover",3,2,5
"2280","discriminating",0,5,5
"2281","dislike",2,3,5
"2282","dispute",4,1,5
"2283","dissatisfaction",3,2,5
"2284","disunionists",5,0,5
"2285","dix",0,5,5
"2286","domain",4,1,5
"2287","easily",5,0,5
"2288","efficiency",0,5,5
"2289","electing",5,0,5
"2290","electoral",0,5,5
"2291","embarrassments",1,4,5
"2292","embraced",5,0,5
"2293","empire",0,5,5
"2294","empowered",4,1,5
"2295","enacted",2,3,5
"2296","encourage",3,2,5
"2297","enhanced",5,0,5
"2298","enlistment",0,5,5
"2299","enrolled",0,5,5
"2300","enumerated",3,2,5
"2301","error",2,3,5
"2302","errors",0,5,5
"2303","escape",2,3,5
"2304","establishing",2,3,5
"2305","eternal",4,1,5
"2306","eulogy",4,1,5
"2307","ewing",5,0,5
"2308","excellent",3,2,5
"2309","excluding",4,1,5
"2310","exempt",0,5,5
"2311","exhausted",1,4,5
"2312","expectation",3,2,5
"2313","expressions",5,0,5
"2314","extending",4,1,5
"2315","extract",4,1,5
"2316","extracts",2,3,5
"2317","fame",4,1,5
"2318","federal",3,2,5
"2319","financial",2,3,5
"2320","fiscal",0,5,5
"2321","fix",1,4,5
"2322","flag",1,4,5
"2323","floats",5,0,5
"2324","forcibly",2,3,5
"2325","forfeited",0,5,5
"2326","forwarded",3,2,5
"2327","foundation",5,0,5
"2328","founded",3,2,5
"2329","fragment",5,0,5
"2330","frankfort",0,5,5
"2331","freed",0,5,5
"2332","fuller",3,2,5
"2333","functions",0,5,5
"2334","gain",3,2,5
"2335","gaines",2,3,5
"2336","genius",4,1,5
"2337","genuine",4,1,5
"2338","govern",5,0,5
"2339","governed",4,1,5
"2340","governs",5,0,5
"2341","granting",2,3,5
"2342","gulf",1,4,5
"2343","habeas",0,5,5
"2344","heartily",2,3,5
"2345","hitherto",1,4,5
"2346","hopes",1,4,5
"2347","hundreds",3,2,5
"2348","immense",4,1,5
"2349","immigration",0,5,5
"2350","immunities",0,5,5
"2351","implication",4,1,5
"2352","implore",0,5,5
"2353","impost",0,5,5
"2354","impress",2,3,5
"2355","inconvenient",2,3,5
"2356","increasing",2,3,5
"2357","indulged",2,3,5
"2358","industry",0,5,5
"2359","inferred",3,2,5
"2360","influential",1,4,5
"2361","insure",2,3,5
"2362","insurrectionary",0,5,5
"2363","intelligent",2,3,5
"2364","invalid",0,5,5
"2365","involve",3,2,5
"2366","iron",2,3,5
"2367","jacob",0,5,5
"2368","japan",0,5,5
"2369","jno",0,5,5
"2370","jordan",0,5,5
"2371","journal",2,3,5
"2372","jury",5,0,5
"2373","justified",3,2,5
"2374","kindly",3,2,5
"2375","laying",2,3,5
"2376","leaders",4,1,5
"2377","limit",3,2,5
"2378","list",2,3,5
"2379","loans",0,5,5
"2380","localities",2,3,5
"2381","lookout",0,5,5
"2382","loyalty",1,4,5
"2383","magnitude",0,5,5
"2384","management",3,2,5
"2385","marine",0,5,5
"2386","martin",3,2,5
"2387","mason",5,0,5
"2388","md",0,5,5
"2389","meetings",4,1,5
"2390","mercy",2,3,5
"2391","methodist",1,4,5
"2392","mile",4,1,5
"2393","militia",0,5,5
"2394","misunderstanding",0,5,5
"2395","model",5,0,5
"2396","moneys",2,3,5
"2397","mustered",0,5,5
"2398","necessities",3,2,5
"2399","nicolay",0,5,5
"2400","notified",0,5,5
"2401","obtain",2,3,5
"2402","offenses",0,5,5
"2403","oregon",2,3,5
"2404","originated",4,1,5
"2405","outrages",5,0,5
"2406","overlooked",1,4,5
"2407","overthrow",1,4,5
"2408","overwhelm",4,1,5
"2409","page",4,1,5
"2410","painful",4,1,5
"2411","pamphlet",5,0,5
"2412","parke",0,5,5
"2413","partially",2,3,5
"2414","participated",1,4,5
"2415","partisan",5,0,5
"2416","patiently",4,1,5
"2417","patronage",4,1,5
"2418","payments",3,2,5
"2419","peoria",5,0,5
"2420","perceived",4,1,5
"2421","peru",0,5,5
"2422","physical",3,2,5
"2423","plank",2,3,5
"2424","pleasant",5,0,5
"2425","pleases",4,1,5
"2426","pledged",4,1,5
"2427","porter",1,4,5
"2428","positive",4,1,5
"2429","possibility",3,2,5
"2430","postmasters",5,0,5
"2431","postponement",1,4,5
"2432","powerful",3,2,5
"2433","precinct",1,4,5
"2434","presume",0,5,5
"2435","print",2,3,5
"2436","probability",4,1,5
"2437","proceeding",1,4,5
"2438","producing",2,3,5
"2439","profoundest",0,5,5
"2440","prosecution",5,0,5
"2441","prosperous",4,1,5
"2442","prudent",1,4,5
"2443","purchasing",0,5,5
"2444","pursuant",0,5,5
"2445","pursued",2,3,5
"2446","pursuit",5,0,5
"2447","quality",5,0,5
"2448","ratification",2,3,5
"2449","ratify",2,3,5
"2450","rear",1,4,5
"2451","rebuked",5,0,5
"2452","receives",2,3,5
"2453","recommendations",1,4,5
"2454","red",4,1,5
"2455","redress",3,2,5
"2456","reflection",4,1,5
"2457","regions",3,2,5
"2458","regular",3,2,5
"2459","regulation",0,5,5
"2460","release",1,4,5
"2461","religion",1,4,5
"2462","remained",4,1,5
"2463","remembering",3,2,5
"2464","removing",3,2,5
"2465","renew",3,2,5
"2466","repair",1,4,5
"2467","repel",4,1,5
"2468","represent",3,2,5
"2469","resisted",3,2,5
"2470","resisting",1,4,5
"2471","restrain",3,2,5
"2472","results",2,3,5
"2473","resume",0,5,5
"2474","rich",3,2,5
"2475","richard",1,4,5
"2476","routes",4,1,5
"2477","ruler",1,4,5
"2478","samuel",1,4,5
"2479","sanction",3,2,5
"2480","sat",4,1,5
"2481","school",3,2,5
"2482","schuyler",2,3,5
"2483","security",3,2,5
"2484","seizure",0,5,5
"2485","sentences",2,3,5
"2486","series",5,0,5
"2487","setting",2,3,5
"2488","seventeen",5,0,5
"2489","shape",3,2,5
"2490","sheet",3,2,5
"2491","shore",4,1,5
"2492","sickles",0,5,5
"2493","signs",2,3,5
"2494","simple",4,1,5
"2495","singleton",0,5,5
"2496","slight",5,0,5
"2497","spring",3,2,5
"2498","spy",0,5,5
"2499","stake",4,1,5
"2500","starboard",5,0,5
"2501","start",3,2,5
"2502","stay",1,4,5
"2503","stipulations",1,4,5
"2504","street",3,2,5
"2505","strict",1,4,5
"2506","strive",2,3,5
"2507","succeeding",5,0,5
"2508","successive",4,1,5
"2509","successor",4,1,5
"2510","suffering",1,4,5
"2511","sugar",5,0,5
"2512","supplying",1,4,5
"2513","surprise",3,2,5
"2514","suspect",5,0,5
"2515","sword",4,1,5
"2516","systems",3,2,5
"2517","tails",5,0,5
"2518","talk",4,1,5
"2519","tear",4,1,5
"2520","tending",4,1,5
"2521","thenceforward",2,3,5
"2522","thirteen",5,0,5
"2523","thompson",4,1,5
"2524","thousands",0,5,5
"2525","thursday",0,5,5
"2526","township",0,5,5
"2527","train",1,4,5
"2528","transport",0,5,5
"2529","treason",0,5,5
"2530","treated",3,2,5
"2531","treaties",0,5,5
"2532","trusting",4,1,5
"2533","unfortunate",5,0,5
"2534","uninhabited",5,0,5
"2535","unite",2,3,5
"2536","unnecessarily",4,1,5
"2537","vicinity",0,5,5
"2538","waiting",0,5,5
"2539","warfare",3,2,5
"2540","wars",2,3,5
"2541","waters",0,5,5
"2542","welfare",0,5,5
"2543","widow",2,3,5
"2544","wills",0,5,5
"2545","win",2,3,5
"2546","withhold",3,2,5
"2547","worship",0,5,5
"2548","writ",1,4,5
"2549","wrongs",4,1,5
"2550","yard",0,5,5
"2551","11th",2,2,4
"2552","1787",4,0,4
"2553","1824",4,0,4
"2554","1835",4,0,4
"2555","1860",0,4,4
"2556","18th",0,4,4
"2557","4.30",0,4,4
"2558","6th",2,2,4
"2559","abandonment",1,3,4
"2560","abolished",4,0,4
"2561","absurd",3,1,4
"2562","accidents",4,0,4
"2563","accurately",0,4,4
"2564","acquiescence",1,3,4
"2565","acquire",4,0,4
"2566","acquiring",2,2,4
"2567","adapted",1,3,4
"2568","adding",2,2,4
"2569","adjournment",1,3,4
"2570","admiration",2,2,4
"2571","admits",3,1,4
"2572","admitting",3,1,4
"2573","advancement",2,2,4
"2574","advantages",0,4,4
"2575","advice",2,2,4
"2576","advisable",0,4,4
"2577","affected",0,4,4
"2578","affectionately",4,0,4
"2579","affirmed",4,0,4
"2580","aim",4,0,4
"2581","al",3,1,4
"2582","alas",3,1,4
"2583","alive",3,1,4
"2584","ambition",2,2,4
"2585","amicable",1,3,4
"2586","amounted",1,3,4
"2587","andrew",1,3,4
"2588","angry",4,0,4
"2589","appealed",3,1,4
"2590","appended",0,4,4
"2591","appendix",4,0,4
"2592","appointments",3,1,4
"2593","approaching",0,4,4
"2594","argued",3,1,4
"2595","arrangements",2,2,4
"2596","arsenal",0,4,4
"2597","artillery",0,4,4
"2598","assault",3,1,4
"2599","assemble",0,4,4
"2600","assign",1,3,4
"2601","assistant",1,3,4
"2602","assuming",2,2,4
"2603","assured",0,4,4
"2604","astonishment",3,1,4
"2605","attack",0,4,4
"2606","attempts",4,0,4
"2607","attending",3,1,4
"2608","auburn",0,4,4
"2609","avert",2,2,4
"2610","aye",4,0,4
"2611","banking",0,4,4
"2612","base",3,1,4
"2613","bay",0,4,4
"2614","belongs",3,1,4
"2615","beneficent",2,2,4
"2616","bias",4,0,4
"2617","birth",2,2,4
"2618","blind",3,1,4
"2619","blunder",3,1,4
"2620","bone",4,0,4
"2621","borne",1,3,4
"2622","bottom",1,3,4
"2623","boy",3,1,4
"2624","branches",4,0,4
"2625","breath",4,0,4
"2626","brethren",3,1,4
"2627","brownsville",0,4,4
"2628","buffalo",4,0,4
"2629","buoyant",4,0,4
"2630","calculated",3,1,4
"2631","calhoun",4,0,4
"2632","canby",0,4,4
"2633","cannon",3,1,4
"2634","canvass",2,2,4
"2635","capitol",2,2,4
"2636","cars",2,2,4
"2637","carson",4,0,4
"2638","causing",4,0,4
"2639","cents",4,0,4
"2640","chair",4,0,4
"2641","chapman",4,0,4
"2642","charged",0,4,4
"2643","cheap",2,2,4
"2644","cheers",1,3,4
"2645","chile",0,4,4
"2646","chooses",1,3,4
"2647","cincinnati",0,4,4
"2648","cities",2,2,4
"2649","client",4,0,4
"2650","climate",4,0,4
"2651","colfax",0,4,4
"2652","collateral",2,2,4
"2653","collecting",3,1,4
"2654","collision",3,1,4
"2655","colonists",2,2,4
"2656","colony",1,3,4
"2657","combined",3,1,4
"2658","companies",0,4,4
"2659","compel",3,1,4
"2660","compensated",3,1,4
"2661","completely",2,2,4
"2662","compose",1,3,4
"2663","concede",0,4,4
"2664","concurrence",2,2,4
"2665","confiscation",0,4,4
"2666","congratulate",1,3,4
"2667","conscientiously",4,0,4
"2668","consequent",1,3,4
"2669","consists",2,2,4
"2670","constrained",1,3,4
"2671","consultation",2,2,4
"2672","contend",4,0,4
"2673","contested",3,1,4
"2674","continually",3,1,4
"2675","contract",2,2,4
"2676","contracts",4,0,4
"2677","contradict",3,1,4
"2678","controlled",2,2,4
"2679","convenience",2,2,4
"2680","copies",1,3,4
"2681","cordial",0,4,4
"2682","corn",2,2,4
"2683","corrections",0,4,4
"2684","counsels",3,1,4
"2685","counted",3,1,4
"2686","countenance",2,2,4
"2687","counting",1,3,4
"2688","create",1,3,4
"2689","creation",1,3,4
"2690","crops",3,1,4
"2691","crushing",3,1,4
"2692","customary",2,2,4
"2693","damages",1,3,4
"2694","darkness",3,1,4
"2695","deadly",4,0,4
"2696","deception",4,0,4
"2697","declarations",1,3,4
"2698","deeds",4,0,4
"2699","deference",1,3,4
"2700","delaware",2,2,4
"2701","deliberately",1,3,4
"2702","democracy",4,0,4
"2703","democrat",4,0,4
"2704","denial",2,2,4
"2705","denounce",4,0,4
"2706","denying",1,3,4
"2707","depends",3,1,4
"2708","depot",2,2,4
"2709","deprecated",2,2,4
"2710","descendants",4,0,4
"2711","deserve",3,1,4
"2712","despise",4,0,4
"2713","details",0,4,4
"2714","detain",1,3,4
"2715","developments",1,3,4
"2716","dictated",3,1,4
"2717","diplomatic",1,3,4
"2718","discarding",2,2,4
"2719","discord",3,1,4
"2720","discouraging",1,3,4
"2721","dispatched",0,4,4
"2722","displayed",0,4,4
"2723","dissatisfied",4,0,4
"2724","dissenting",4,0,4
"2725","disturbance",0,4,4
"2726","disturbed",2,2,4
"2727","diverted",1,3,4
"2728","divisions",2,2,4
"2729","dixon",2,2,4
"2730","dominions",2,2,4
"2731","douglas's",4,0,4
"2732","drafts",2,2,4
"2733","dubois",4,0,4
"2734","duration",1,3,4
"2735","dying",4,0,4
"2736","easier",1,3,4
"2737","edgar",4,0,4
"2738","edition",3,1,4
"2739","effecting",2,2,4
"2740","effects",1,3,4
"2741","egg",2,2,4
"2742","eighteen",2,2,4
"2743","electors",3,1,4
"2744","elements",1,3,4
"2745","eleventh",0,4,4
"2746","embracing",3,1,4
"2747","emergency",0,4,4
"2748","enables",3,1,4
"2749","enactment",2,2,4
"2750","encouragement",1,3,4
"2751","endure",3,1,4
"2752","energy",0,4,4
"2753","enjoy",0,4,4
"2754","enjoyed",0,4,4
"2755","enjoying",1,3,4
"2756","enlightened",2,2,4
"2757","envoy",1,3,4
"2758","exceeding",1,3,4
"2759","excess",2,2,4
"2760","exchanged",0,4,4
"2761","exemption",0,4,4
"2762","expanded",3,1,4
"2763","expenditure",2,2,4
"2764","expired",2,2,4
"2765","explanation",1,3,4
"2766","explicit",0,4,4
"2767","exportation",0,4,4
"2768","eye",3,1,4
"2769","failure",2,2,4
"2770","faithful",1,3,4
"2771","families",1,3,4
"2772","fate",2,2,4
"2773","feature",1,3,4
"2774","features",3,1,4
"2775","feels",4,0,4
"2776","fernandina",0,4,4
"2777","fifteenth",0,4,4
"2778","figure",4,0,4
"2779","figures",4,0,4
"2780","foes",2,2,4
"2781","forbid",4,0,4
"2782","forfeiture",0,4,4
"2783","forming",4,0,4
"2784","foul",3,1,4
"2785","fourteenth",3,1,4
"2786","frame",4,0,4
"2787","framed",2,2,4
"2788","francis",0,4,4
"2789","fraud",2,2,4
"2790","freedom's",4,0,4
"2791","freely",3,1,4
"2792","freemen",4,0,4
"2793","friday",2,2,4
"2794","fruits",4,0,4
"2795","fuel",3,1,4
"2796","furnishing",0,4,4
"2797","gained",3,1,4
"2798","game",2,2,4
"2799","gang",4,0,4
"2800","garrett",0,4,4
"2801","generation",3,1,4
"2802","geographical",4,0,4
"2803","georgetown",3,1,4
"2804","glory",4,0,4
"2805","grade",0,4,4
"2806","grand",3,1,4
"2807","gratifying",0,4,4
"2808","grievance",4,0,4
"2809","grimes",2,2,4
"2810","grounds",2,2,4
"2811","grown",3,1,4
"2812","guard",1,3,4
"2813","hahn",0,4,4
"2814","hall",2,2,4
"2815","hampton",0,4,4
"2816","handed",2,2,4
"2817","happened",3,1,4
"2818","haste",4,0,4
"2819","hazard",1,3,4
"2820","helped",3,1,4
"2821","hickory",4,0,4
"2822","historical",3,1,4
"2823","hitchcock",0,4,4
"2824","hogs",4,0,4
"2825","hughes",0,4,4
"2826","huidekoper",0,4,4
"2827","humble",3,1,4
"2828","hunt",0,4,4
"2829","husband",1,3,4
"2830","ignorance",2,2,4
"2831","ii",3,1,4
"2832","illustration",1,3,4
"2833","implied",3,1,4
"2834","imprisonment",1,3,4
"2835","improper",1,3,4
"2836","improve",3,1,4
"2837","inaugural",0,4,4
"2838","inch",4,0,4
"2839","incident",1,3,4
"2840","inclination",4,0,4
"2841","inclosed",3,1,4
"2842","inclosing",1,3,4
"2843","includes",2,2,4
"2844","inconvenience",2,2,4
"2845","indemnity",4,0,4
"2846","indifference",3,1,4
"2847","indirectly",3,1,4
"2848","inflexible",0,4,4
"2849","injured",3,1,4
"2850","injury",2,2,4
"2851","injustice",3,1,4
"2852","instances",3,1,4
"2853","instantly",4,0,4
"2854","integrity",1,3,4
"2855","intending",2,2,4
"2856","intent",0,4,4
"2857","interrupted",4,0,4
"2858","intimate",1,3,4
"2859","intimation",2,2,4
"2860","invaded",3,1,4
"2861","invading",4,0,4
"2862","invited",0,4,4
"2863","ironclad",0,4,4
"2864","issues",0,4,4
"2865","jan",4,0,4
"2866","jefferson's",4,0,4
"2867","johnson's",0,4,4
"2868","joined",2,2,4
"2869","joseph",1,3,4
"2870","justify",2,2,4
"2871","king's",3,1,4
"2872","laborer",1,3,4
"2873","lash",3,1,4
"2874","lasted",1,3,4
"2875","leads",3,1,4
"2876","legally",3,1,4
"2877","legislatures",4,0,4
"2878","liberality",1,3,4
"2879","literally",2,2,4
"2880","locality",3,1,4
"2881","locos",4,0,4
"2882","logic",4,0,4
"2883","longitude",1,3,4
"2884","madam",0,4,4
"2885","maintenance",2,2,4
"2886","marching",4,0,4
"2887","marshals",0,4,4
"2888","massacre",0,4,4
"2889","masses",3,1,4
"2890","matteson",4,0,4
"2891","meaning",4,0,4
"2892","men's",1,3,4
"2893","mental",3,1,4
"2894","mineral",0,4,4
"2895","misunderstand",4,0,4
"2896","mixing",4,0,4
"2897","modifying",0,4,4
"2898","morris",4,0,4
"2899","morrison",3,1,4
"2900","municipal",4,0,4
"2901","nathan",2,2,4
"2902","nearer",3,1,4
"2903","nearest",3,1,4
"2904","neglect",2,2,4
"2905","neighbors",4,0,4
"2906","nobly",0,4,4
"2907","nominal",1,3,4
"2908","noon",0,4,4
"2909","nov",3,1,4
"2910","obligation",2,2,4
"2911","occupation",0,4,4
"2912","occupy",1,3,4
"2913","occur",1,3,4
"2914","odious",3,1,4
"2915","officially",0,4,4
"2916","operate",1,3,4
"2917","originally",3,1,4
"2918","pain",3,1,4
"2919","perils",3,1,4
"2920","perish",2,2,4
"2921","permits",2,2,4
"2922","piece",4,0,4
"2923","piers",4,0,4
"2924","pillow",0,4,4
"2925","plaintiff",4,0,4
"2926","planted",3,1,4
"2927","pm",0,4,4
"2928","portions",3,1,4
"2929","powell",1,3,4
"2930","praise",2,2,4
"2931","prejudice",4,0,4
"2932","prejudices",2,2,4
"2933","preliminary",0,4,4
"2934","prepare",4,0,4
"2935","prepossessions",4,0,4
"2936","pretended",3,1,4
"2937","pretense",3,1,4
"2938","prevailed",4,0,4
"2939","pride",2,2,4
"2940","primary",3,1,4
"2941","prisoner",1,3,4
"2942","pro",3,1,4
"2943","proclaimed",0,4,4
"2944","profound",2,2,4
"2945","prohibiting",4,0,4
"2946","project",4,0,4
"2947","proofs",1,3,4
"2948","proposal",4,0,4
"2949","proposing",2,2,4
"2950","prospect",1,3,4
"2951","proud",3,1,4
"2952","punished",1,3,4
"2953","purporting",0,4,4
"2954","quartermaster",0,4,4
"2955","quietly",2,2,4
"2956","raising",2,2,4
"2957","readily",3,1,4
"2958","receiver",4,0,4
"2959","reciprocated",1,3,4
"2960","recognizing",1,3,4
"2961","recollect",4,0,4
"2962","recollection",3,1,4
"2963","refusing",4,0,4
"2964","remainder",1,3,4
"2965","rendering",0,4,4
"2966","rent",4,0,4
"2967","repealed",3,1,4
"2968","representation",3,1,4
"2969","requesting",0,4,4
"2970","requiring",1,3,4
"2971","resided",4,0,4
"2972","resident",3,1,4
"2973","resolve",2,2,4
"2974","resort",3,1,4
"2975","respected",3,1,4
"2976","restraints",3,1,4
"2977","reunion",0,4,4
"2978","revived",3,1,4
"2979","revoked",0,4,4
"2980","revolutionized",4,0,4
"2981","ridicule",2,2,4
"2982","rough",2,2,4
"2983","rumor",2,2,4
"2984","runs",4,0,4
"2985","rush",4,0,4
"2986","russia",1,3,4
"2987","salvation",1,3,4
"2988","satisfy",1,3,4
"2989","search",3,1,4
"2990","selection",3,1,4
"2991","settlers",2,2,4
"2992","severe",3,1,4
"2993","ships",0,4,4
"2994","sketch",3,1,4
"2995","skin",3,1,4
"2996","slaveholder",4,0,4
"2997","solemn",3,1,4
"2998","sons",1,3,4
"2999","sovereignty",4,0,4
"3000","space",2,2,4
"3001","speedily",0,4,4
"3002","sphere",2,2,4
"3003","splash",4,0,4
"3004","stating",2,2,4
"3005","statute",4,0,4
"3006","stone",1,3,4
"3007","strange",2,2,4
"3008","strengthen",1,3,4
"3009","strife",2,2,4
"3010","strikes",3,1,4
"3011","strongly",3,1,4
"3012","struggled",3,1,4
"3013","study",2,2,4
"3014","subdivided",0,4,4
"3015","substitute",2,2,4
"3016","succeeded",4,0,4
"3017","successfully",1,3,4
"3018","suffer",1,3,4
"3019","suffrage",0,4,4
"3020","suggests",2,2,4
"3021","suits",2,2,4
"3022","summary",1,3,4
"3023","sumner",3,1,4
"3024","sumter",0,4,4
"3025","supervision",0,4,4
"3026","supply",0,4,4
"3027","suppressing",0,4,4
"3028","sureties",2,2,4
"3029","surpassed",4,0,4
"3030","table",0,4,4
"3031","taney",4,0,4
"3032","taxes",1,3,4
"3033","tears",4,0,4
"3034","telegraphic",1,3,4
"3035","texan",4,0,4
"3036","therefrom",0,4,4
"3037","thereon",1,3,4
"3038","therewith",0,4,4
"3039","threatened",1,3,4
"3040","throwing",3,1,4
"3041","thrust",4,0,4
"3042","tired",4,0,4
"3043","title",4,0,4
"3044","totally",2,2,4
"3045","touch",3,1,4
"3046","track",4,0,4
"3047","transmitted",0,4,4
"3048","tree",4,0,4
"3049","tuesday",1,3,4
"3050","twentieth",0,4,4
"3051","ultimately",4,0,4
"3052","unable",0,4,4
"3053","unanimity",1,3,4
"3054","uncertain",2,2,4
"3055","unchanged",1,3,4
"3056","unconstitutional",3,1,4
"3057","unconstitutionally",4,0,4
"3058","uneasiness",0,4,4
"3059","unfilled",0,4,4
"3060","unfriendly",1,3,4
"3061","uniform",2,2,4
"3062","universally",3,1,4
"3063","unlike",2,2,4
"3064","unpleasant",1,3,4
"3065","unprecedented",2,2,4
"3066","unquestionably",2,2,4
"3067","urge",3,1,4
"3068","uttered",3,1,4
"3069","variety",4,0,4
"3070","vested",0,4,4
"3071","vigor",1,3,4
"3072","void",1,3,4
"3073","volunteer",1,3,4
"3074","vouchers",4,0,4
"3075","wagons",0,4,4
"3076","walter",3,1,4
"3077","warm",3,1,4
"3078","weapons",4,0,4
"3079","wear",3,1,4
"3080","wife",4,0,4
"3081","wilson",4,0,4
"3082","withal",2,2,4
"3083","withdrawing",2,2,4
"3084","withdrawn",1,3,4
"3085","withheld",2,2,4
"3086","wolf",1,3,4
"3087","world's",4,0,4
"3088","writer",0,4,4
"3089","writings",1,3,4
"3090","wrought",1,3,4
"3091","zach",4,0,4
"3092","zeal",2,2,4
"3093","11.30",0,3,3
"3094","17th",0,3,3
"3095","1808",3,0,3
"3096","1813",3,0,3
"3097","1825",3,0,3
"3098","1826",3,0,3
"3099","1828",2,1,3
"3100","1840",3,0,3
"3101","1843",3,0,3
"3102","2nd",2,1,3
"3103","30th",1,2,3
"3104","47",3,0,3
"3105","9.30",0,3,3
"3106","ablest",3,0,3
"3107","absent",2,1,3
"3108","academy",0,3,3
"3109","accident",2,1,3
"3110","accommodated",1,2,3
"3111","accomplish",2,1,3
"3112","accords",2,1,3
"3113","accumulation",3,0,3
"3114","accurate",3,0,3
"3115","accustomed",1,2,3
"3116","achievements",0,3,3
"3117","actively",2,1,3
"3118","adaptation",2,1,3
"3119","adds",2,1,3
"3120","adjusted",1,2,3
"3121","affiant",3,0,3
"3122","affords",2,1,3
"3123","aggravated",3,0,3
"3124","agreeable",1,2,3
"3125","agrees",2,1,3
"3126","ah",2,1,3
"3127","aiding",1,2,3
"3128","aids",2,1,3
"3129","air",3,0,3
"3130","alarmed",3,0,3
"3131","alexandria",0,3,3
"3132","allen",1,2,3
"3133","allison",3,0,3
"3134","alluded",3,0,3
"3135","alteration",2,1,3
"3136","alternative",2,1,3
"3137","amend",2,1,3
"3138","amended",3,0,3
"3139","amending",2,1,3
"3140","amendments",2,1,3
"3141","ancient",3,0,3
"3142","anew",3,0,3
"3143","annex",3,0,3
"3144","answering",2,1,3
"3145","answers",3,0,3
"3146","anticipate",2,1,3
"3147","antonio",3,0,3
"3148","applauding",3,0,3
"3149","applicants",1,2,3
"3150","applies",2,1,3
"3151","apprehend",0,3,3
"3152","ardent",3,0,3
"3153","ardently",3,0,3
"3154","argues",3,0,3
"3155","ark",1,2,3
"3156","armistice",0,3,3
"3157","arnold",2,1,3
"3158","aroused",3,0,3
"3159","arrive",3,0,3
"3160","arrives",0,3,3
"3161","ashley",1,2,3
"3162","assailed",3,0,3
"3163","assessment",0,3,3
"3164","assist",1,2,3
"3165","astonishing",3,0,3
"3166","asylum",1,2,3
"3167","attached",3,0,3
"3168","attain",1,2,3
"3169","attitude",2,1,3
"3170","aug",3,0,3
"3171","aver",2,1,3
"3172","awarded",0,3,3
"3173","awhile",3,0,3
"3174","backward",2,1,3
"3175","badly",2,1,3
"3176","bar",3,0,3
"3177","barely",2,1,3
"3178","barney",1,2,3
"3179","barret",3,0,3
"3180","battlefield",3,0,3
"3181","bears",2,1,3
"3182","beaufort",0,3,3
"3183","belgium",0,3,3
"3184","belligerent",0,3,3
"3185","belonged",2,1,3
"3186","bennett",3,0,3
"3187","bermuda",1,2,3
"3188","beware",1,2,3
"3189","bid",1,2,3
"3190","bind",2,1,3
"3191","bitter",2,1,3
"3192","blank",1,2,3
"3193","blanks",0,3,3
"3194","blows",3,0,3
"3195","boarding",2,1,3
"3196","bob",3,0,3
"3197","bogus",3,0,3
"3198","boldly",2,1,3
"3199","bona",2,1,3
"3200","borders",1,2,3
"3201","bore",2,1,3
"3202","boydton",0,3,3
"3203","boys",3,0,3
"3204","breaking",3,0,3
"3205","brigade",0,3,3
"3206","brigades",0,3,3
"3207","brooks",2,1,3
"3208","bull",2,1,3
"3209","burden",2,1,3
"3210","burning",2,1,3
"3211","cal",0,3,3
"3212","camden",0,3,3
"3213","camps",0,3,3
"3214","candid",2,1,3
"3215","cane",0,3,3
"3216","captive",3,0,3
"3217","cargo",0,3,3
"3218","cargoes",0,3,3
"3219","cattle",3,0,3
"3220","caution",1,2,3
"3221","census",3,0,3
"3222","certainty",2,1,3
"3223","cession",3,0,3
"3224","china",0,3,3
"3225","choosing",0,3,3
"3226","circulation",0,3,3
"3227","civilian",0,3,3
"3228","clemency",0,3,3
"3229","clothing",0,3,3
"3230","coal",2,1,3
"3231","cold",2,1,3
"3232","colleague",3,0,3
"3233","colors",2,1,3
"3234","combination",3,0,3
"3235","comfortable",0,3,3
"3236","comment",2,1,3
"3237","commentaries",3,0,3
"3238","commit",2,1,3
"3239","communicate",1,2,3
"3240","communicated",0,3,3
"3241","communities",2,1,3
"3242","commutation",1,2,3
"3243","complaining",1,2,3
"3244","compliance",1,2,3
"3245","composed",2,1,3
"3246","conceive",1,2,3
"3247","concerns",3,0,3
"3248","concession",2,1,3
"3249","concurred",0,3,3
"3250","concurring",2,1,3
"3251","confederation",3,0,3
"3252","confidentially",2,1,3
"3253","confounded",3,0,3
"3254","conjecture",2,1,3
"3255","conscious",3,0,3
"3256","conservative",2,1,3
"3257","consist",1,2,3
"3258","consistently",0,3,3
"3259","constituency",2,1,3
"3260","constructing",1,2,3
"3261","consul",0,3,3
"3262","consular",0,3,3
"3263","consumed",3,0,3
"3264","consummate",0,3,3
"3265","contemplation",2,1,3
"3266","contempt",3,0,3
"3267","contended",2,1,3
"3268","contention",3,0,3
"3269","contents",1,2,3
"3270","continuing",0,3,3
"3271","contractors",2,1,3
"3272","controlling",1,2,3
"3273","convened",0,3,3
"3274","converse",2,1,3
"3275","cordiality",1,2,3
"3276","corrected",1,2,3
"3277","counter",3,0,3
"3278","courses",3,0,3
"3279","covering",2,1,3
"3280","creature",3,0,3
"3281","crimes",1,2,3
"3282","criminal",1,2,3
"3283","crowned",0,3,3
"3284","crush",1,2,3
"3285","cry",2,1,3
"3286","customs",0,3,3
"3287","d.w",0,3,3
"3288","danville",3,0,3
"3289","daring",1,2,3
"3290","dark",1,2,3
"3291","dates",1,2,3
"3292","davis's",0,3,3
"3293","debts",2,1,3
"3294","deceased",3,0,3
"3295","deceive",1,2,3
"3296","deceived",3,0,3
"3297","declined",1,2,3
"3298","decreased",3,0,3
"3299","deems",2,1,3
"3300","defendant",3,0,3
"3301","defending",0,3,3
"3302","define",0,3,3
"3303","definition",1,2,3
"3304","defy",3,0,3
"3305","depended",2,1,3
"3306","derive",1,2,3
"3307","deserved",3,0,3
"3308","designating",1,2,3
"3309","designed",0,3,3
"3310","designs",1,2,3
"3311","desiring",2,1,3
"3312","destitute",1,2,3
"3313","destroying",1,2,3
"3314","detailed",0,3,3
"3315","detained",1,2,3
"3316","detention",1,2,3
"3317","determining",3,0,3
"3318","development",0,3,3
"3319","devolving",0,3,3
"3320","dick",0,3,3
"3321","dictate",3,0,3
"3322","diminished",1,2,3
"3323","disagreeable",2,1,3
"3324","discard",3,0,3
"3325","discarded",3,0,3
"3326","discontinued",1,2,3
"3327","discovery",3,0,3
"3328","discuss",2,1,3
"3329","disgust",3,0,3
"3330","dispatches",0,3,3
"3331","disputed",3,0,3
"3332","disregarded",3,0,3
"3333","dissolution",3,0,3
"3334","dissolving",3,0,3
"3335","distrust",1,2,3
"3336","disturb",3,0,3
"3337","disturbing",1,2,3
"3338","divert",2,1,3
"3339","divide",1,2,3
"3340","doors",3,0,3
"3341","doubts",3,0,3
"3342","drain",3,0,3
"3343","drew",2,1,3
"3344","driving",1,2,3
"3345","dry",1,2,3
"3346","dues",0,3,3
"3347","durable",3,0,3
"3348","earlier",2,1,3
"3349","ears",3,0,3
"3350","eastward",2,1,3
"3351","editor",1,2,3
"3352","edward",1,2,3
"3353","egypt",0,3,3
"3354","eighteenth",0,3,3
"3355","elevation",2,1,3
"3356","em",3,0,3
"3357","embarrass",1,2,3
"3358","embrace",1,2,3
"3359","embraces",0,3,3
"3360","emergencies",2,1,3
"3361","employment",0,3,3
"3362","enabled",2,1,3
"3363","enabling",3,0,3
"3364","encouraging",0,3,3
"3365","energetic",2,1,3
"3366","engage",2,1,3
"3367","england",3,0,3
"3368","english",1,2,3
"3369","enhancing",3,0,3
"3370","enlarged",1,2,3
"3371","enlarging",2,1,3
"3372","enlisted",0,3,3
"3373","enrolment",0,3,3
"3374","ensuing",0,3,3
"3375","entertain",1,2,3
"3376","entertained",2,1,3
"3377","enthusiasm",2,1,3
"3378","entitle",2,1,3
"3379","entry",0,3,3
"3380","equals",3,0,3
"3381","equivalents",3,0,3
"3382","equivocation",3,0,3
"3383","ere",1,2,3
"3384","erroneous",3,0,3
"3385","essence",3,0,3
"3386","european",0,3,3
"3387","excepting",0,3,3
"3388","excited",1,2,3
"3389","exciting",2,1,3
"3390","execute",0,3,3
"3391","exequatur",0,3,3
"3392","exhibit",0,3,3
"3393","expansion",2,1,3
"3394","expectations",0,3,3
"3395","expecting",0,3,3
"3396","expects",2,1,3
"3397","expedition",0,3,3
"3398","experienced",2,1,3
"3399","expiration",1,2,3
"3400","expresses",0,3,3
"3401","expressing",1,2,3
"3402","extensive",1,2,3
"3403","extinct",3,0,3
"3404","extra",2,1,3
"3405","extremely",3,0,3
"3406","extremity",2,1,3
"3407","facilities",0,3,3
"3408","facility",1,2,3
"3409","fairs",0,3,3
"3410","familiar",3,0,3
"3411","fatal",3,0,3
"3412","fault",2,1,3
"3413","feared",2,1,3
"3414","feeble",2,1,3
"3415","fees",2,1,3
"3416","felony",3,0,3
"3417","female",1,2,3
"3418","fide",2,1,3
"3419","fidelity",1,2,3
"3420","fields",2,1,3
"3421","file",2,1,3
"3422","filed",2,1,3
"3423","finances",1,2,3
"3424","firing",0,3,3
"3425","flags",0,3,3
"3426","float",3,0,3
"3427","flow",1,2,3
"3428","footing",0,3,3
"3429","forbore",3,0,3
"3430","forborne",2,1,3
"3431","forgot",3,0,3
"3432","formal",0,3,3
"3433","forms",1,2,3
"3434","forts",0,3,3
"3435","fortunate",2,1,3
"3436","foster",0,3,3
"3437","fostering",0,3,3
"3438","fourths",0,3,3
"3439","francisco",0,3,3
"3440","frankness",1,2,3
"3441","fraternal",2,1,3
"3442","freedmen",0,3,3
"3443","fresh",2,1,3
"3444","frontier",0,3,3
"3445","fundamental",2,1,3
"3446","gains",2,1,3
"3447","gallantry",0,3,3
"3448","garrison",0,3,3
"3449","general's",1,2,3
"3450","generations",2,1,3
"3451","gibson",0,3,3
"3452","gibson's",0,3,3
"3453","gift",0,3,3
"3454","gillmore",0,3,3
"3455","gipson",3,0,3
"3456","glance",2,1,3
"3457","goad",3,0,3
"3458","gradually",3,0,3
"3459","graves",2,1,3
"3460","greenback",0,3,3
"3461","grew",3,0,3
"3462","grief",2,1,3
"3463","grip",2,1,3
"3464","gross",2,1,3
"3465","grossly",3,0,3
"3466","growth",1,2,3
"3467","gurney",1,2,3
"3468","habitually",3,0,3
"3469","hancock",0,3,3
"3470","hardin's",3,0,3
"3471","hawaiian",0,3,3
"3472","heavenly",1,2,3
"3473","heirs",3,0,3
"3474","helm",0,3,3
"3475","hereinafter",0,3,3
"3476","hero",3,0,3
"3477","heroic",1,2,3
"3478","heroism",0,3,3
"3479","hesitate",3,0,3
"3480","hodges",0,3,3
"3481","hog",3,0,3
"3482","honorably",0,3,3
"3483","hook",1,2,3
"3484","hopeless",2,1,3
"3485","hosts",3,0,3
"3486","hot",2,1,3
"3487","houston",0,3,3
"3488","hoyt",3,0,3
"3489","huckleberries",3,0,3
"3490","humiliation",0,3,3
"3491","hundredth",0,3,3
"3492","hunted",3,0,3
"3493","hushed",3,0,3
"3494","ideas",1,2,3
"3495","idle",3,0,3
"3496","immigrants",0,3,3
"3497","imports",0,3,3
"3498","impropriety",2,1,3
"3499","improving",2,1,3
"3500","inalienable",3,0,3
"3501","inaugurated",1,2,3
"3502","inauguration",2,1,3
"3503","incidents",1,2,3
"3504","incompatible",0,3,3
"3505","ind",0,3,3
"3506","indentured",3,0,3
"3507","indorse",0,3,3
"3508","indorsing",3,0,3
"3509","induces",1,2,3
"3510","inducing",1,2,3
"3511","inexhaustible",0,3,3
"3512","infer",1,2,3
"3513","inferior",3,0,3
"3514","injure",3,0,3
"3515","injurious",2,1,3
"3516","injuriously",0,3,3
"3517","inoperative",2,1,3
"3518","inquired",2,1,3
"3519","insane",3,0,3
"3520","insignificant",3,0,3
"3521","insisted",1,2,3
"3522","insists",3,0,3
"3523","inst",1,2,3
"3524","installed",1,2,3
"3525","instituted",1,2,3
"3526","instruments",3,0,3
"3527","intends",1,2,3
"3528","interfering",1,2,3
"3529","intimated",2,1,3
"3530","intrinsically",2,1,3
"3531","introducing",3,0,3
"3532","intrusted",1,2,3
"3533","invade",3,0,3
"3534","invented",3,0,3
"3535","invention",3,0,3
"3536","invested",0,3,3
"3537","investigate",0,3,3
"3538","investigation",0,3,3
"3539","inviting",2,1,3
"3540","involuntary",1,2,3
"3541","irritation",1,2,3
"3542","issuing",0,3,3
"3543","jacksonville",2,1,3
"3544","jealousy",2,1,3
"3545","jesse",3,0,3
"3546","jewel",1,2,3
"3547","joyous",2,1,3
"3548","judged",1,2,3
"3549","judging",1,2,3
"3550","jurisdictional",3,0,3
"3551","justification",3,0,3
"3552","kaskaskia",3,0,3
"3553","kings",3,0,3
"3554","knell",3,0,3
"3555","labored",1,2,3
"3556","lacon",3,0,3
"3557","lady",1,2,3
"3558","lane",0,3,3
"3559","lasting",1,2,3
"3560","latitude",3,0,3
"3561","lawfully",1,2,3
"3562","league",0,3,3
"3563","leagues",3,0,3
"3564","learning",2,1,3
"3565","letting",3,0,3
"3566","levied",0,3,3
"3567","liberia",2,1,3
"3568","limb",0,3,3
"3569","limitations",1,2,3
"3570","lion",3,0,3
"3571","lips",2,1,3
"3572","listened",3,0,3
"3573","literal",3,0,3
"3574","litigation",3,0,3
"3575","lived",1,2,3
"3576","locate",3,0,3
"3577","lock",2,1,3
"3578","lopez",3,0,3
"3579","losses",1,2,3
"3580","lot",1,2,3
"3581","lots",3,0,3
"3582","lvi",0,3,3
"3583","lying",3,0,3
"3584","maker",2,1,3
"3585","malice",1,2,3
"3586","mandamus",3,0,3
"3587","manhood",3,0,3
"3588","manifested",0,3,3
"3589","manifestly",3,0,3
"3590","mankind",1,2,3
"3591","map",3,0,3
"3592","marked",1,2,3
"3593","married",3,0,3
"3594","marshall",2,1,3
"3595","matteson's",3,0,3
"3596","mature",1,2,3
"3597","memphis",0,3,3
"3598","menace",2,1,3
"3599","metals",0,3,3
"3600","miller",3,0,3
"3601","mingled",2,1,3
"3602","minor",1,2,3
"3603","miscellaneous",1,2,3
"3604","mischief",3,0,3
"3605","miserable",3,0,3
"3606","mistakes",1,2,3
"3607","mixed",1,2,3
"3608","moderate",2,1,3
"3609","moment's",2,1,3
"3610","monocacy",0,3,3
"3611","monstrous",3,0,3
"3612","mortal",1,2,3
"3613","mortals",2,1,3
"3614","morton",0,3,3
"3615","mother's",3,0,3
"3616","mourning",1,2,3
"3617","multiply",1,2,3
"3618","murderous",3,0,3
"3619","nathaniel",3,0,3
"3620","naturalized",0,3,3
"3621","naught",2,1,3
"3622","negligence",3,0,3
"3623","neighboring",2,1,3
"3624","neutral",3,0,3
"3625","newport",0,3,3
"3626","niles's",3,0,3
"3627","nineteenth",0,3,3
"3628","ninety",2,1,3
"3629","noblest",3,0,3
"3630","nominee",2,1,3
"3631","nonsense",3,0,3
"3632","notifying",0,3,3
"3633","null",1,2,3
"3634","nullification",3,0,3
"3635","numbered",2,1,3
"3636","numerous",1,2,3
"3637","oaths",0,3,3
"3638","obeyed",1,2,3
"3639","objected",1,2,3
"3640","obnoxious",3,0,3
"3641","offended",3,0,3
"3642","operating",0,3,3
"3643","orators",2,1,3
"3644","orphans",0,3,3
"3645","otis",3,0,3
"3646","outrageous",2,1,3
"3647","overthrown",0,3,3
"3648","overwhelming",2,1,3
"3649","pages",1,2,3
"3650","paragraph",3,0,3
"3651","pardons",0,3,3
"3652","partial",3,0,3
"3653","partiality",2,1,3
"3654","passions",2,1,3
"3655","patriots",1,2,3
"3656","peck",3,0,3
"3657","pecuniary",2,1,3
"3658","penalties",1,2,3
"3659","pension",1,2,3
"3660","percentage",3,0,3
"3661","performance",2,1,3
"3662","peril",3,0,3
"3663","permanently",2,1,3
"3664","perpetuity",3,0,3
"3665","persisted",0,3,3
"3666","persuade",3,0,3
"3667","phillips",1,2,3
"3668","philosophy",2,1,3
"3669","pick",1,2,3
"3670","pickett",0,3,3
"3671","pieces",1,2,3
"3672","placing",0,3,3
"3673","planters",0,3,3
"3674","politicians",2,1,3
"3675","postage",2,1,3
"3676","posts",0,3,3
"3677","preach",0,3,3
"3678","precedents",3,0,3
"3679","precious",0,3,3
"3680","preference",3,0,3
"3681","premises",2,1,3
"3682","presentation",0,3,3
"3683","presidents",3,0,3
"3684","prevail",1,2,3
"3685","preventing",1,2,3
"3686","privates",3,0,3
"3687","prize",0,3,3
"3688","product",0,3,3
"3689","profitable",2,1,3
"3690","program",0,3,3
"3691","programme",0,3,3
"3692","promises",0,3,3
"3693","promote",0,3,3
"3694","prompt",1,2,3
"3695","protected",0,3,3
"3696","providing",3,0,3
"3697","publicly",2,1,3
"3698","publish",1,2,3
"3699","publishers",2,1,3
"3700","purposely",2,1,3
"3701","questioned",1,2,3
"3702","quincy",3,0,3
"3703","quote",2,1,3
"3704","quoted",3,0,3
"3705","radical",2,1,3
"3706","rally",2,1,3
"3707","ran",3,0,3
"3708","randolph",2,1,3
"3709","range",2,1,3
"3710","ranges",1,2,3
"3711","raymond",0,3,3
"3712","reasoning",3,0,3
"3713","rebuke",3,0,3
"3714","recited",0,3,3
"3715","recognition",1,2,3
"3716","reconsider",3,0,3
"3717","recover",2,1,3
"3718","recruiting",0,3,3
"3719","recur",2,1,3
"3720","redemption",2,1,3
"3721","referring",2,1,3
"3722","reflect",1,2,3
"3723","refrain",2,1,3
"3724","refusal",2,1,3
"3725","relates",1,2,3
"3726","relative",1,2,3
"3727","relaxed",0,3,3
"3728","relinquish",2,1,3
"3729","remanded",3,0,3
"3730","remarked",1,2,3
"3731","reopened",1,2,3
"3732","repealing",3,0,3
"3733","repeating",1,2,3
"3734","requests",1,2,3
"3735","requirements",0,3,3
"3736","requisite",1,2,3
"3737","residence",2,1,3
"3738","resolute",3,0,3
"3739","respecting",0,3,3
"3740","responsibilities",0,3,3
"3741","rests",1,2,3
"3742","resumed",2,1,3
"3743","retract",0,3,3
"3744","retreat",1,2,3
"3745","retreating",0,3,3
"3746","revere",2,1,3
"3747","revoke",0,3,3
"3748","revolutions",3,0,3
"3749","reward",2,1,3
"3750","rhode",1,2,3
"3751","richardson",3,0,3
"3752","rid",3,0,3
"3753","rightfully",3,0,3
"3754","rising",2,1,3
"3755","risk",1,2,3
"3756","robinson",1,2,3
"3757","rolls",0,3,3
"3758","royal",1,2,3
"3759","ruffians",3,0,3
"3760","ruin",1,2,3
"3761","salary",3,0,3
"3762","sales",0,3,3
"3763","sanitary",0,3,3
"3764","satisfactorily",1,2,3
"3765","scared",2,1,3
"3766","scattered",1,2,3
"3767","scheme",2,1,3
"3768","schurz",0,3,3
"3769","score",2,1,3
"3770","seas",1,2,3
"3771","secession",0,3,3
"3772","sectional",3,0,3
"3773","sedgwick",0,3,3
"3774","seeks",3,0,3
"3775","selling",2,1,3
"3776","sends",0,3,3
"3777","separated",2,1,3
"3778","seymour",0,3,3
"3779","shafts",3,0,3
"3780","sheep",0,3,3
"3781","shelter",2,1,3
"3782","shenandoah",0,3,3
"3783","sheridan's",0,3,3
"3784","sherman's",0,3,3
"3785","shields",3,0,3
"3786","shocked",1,2,3
"3787","shoulder",3,0,3
"3788","shrinking",3,0,3
"3789","sick",2,1,3
"3790","sickness",3,0,3
"3791","sight",2,1,3
"3792","signature",0,3,3
"3793","silly",2,1,3
"3794","silver",0,3,3
"3795","sincerity",2,1,3
"3796","sixteenth",0,3,3
"3797","smelling",3,0,3
"3798","sober",3,0,3
"3799","solemnly",1,2,3
"3800","specimen",2,1,3
"3801","spell",3,0,3
"3802","squadron",0,3,3
"3803","sr",0,3,3
"3804","standard",3,0,3
"3805","steam",0,3,3
"3806","steps",1,2,3
"3807","stern",3,0,3
"3808","stipulation",2,1,3
"3809","stir",3,0,3
"3810","stock",2,1,3
"3811","stop",3,0,3
"3812","stopped",1,2,3
"3813","stout",3,0,3
"3814","strain",2,1,3
"3815","strangely",2,1,3
"3816","streams",2,1,3
"3817","stringfellow",3,0,3
"3818","structure",2,1,3
"3819","struggles",3,0,3
"3820","stuck",3,0,3
"3821","studied",1,2,3
"3822","stuff",3,0,3
"3823","subscriptions",3,0,3
"3824","succession",3,0,3
"3825","successively",3,0,3
"3826","suddenly",1,2,3
"3827","sued",3,0,3
"3828","sullivan",1,2,3
"3829","summer",1,2,3
"3830","sunday",0,3,3
"3831","superintendent",2,1,3
"3832","superseded",3,0,3
"3833","supremacy",2,1,3
"3834","survey",2,1,3
"3835","surveyed",1,2,3
"3836","suspending",0,3,3
"3837","sutton",3,0,3
"3838","sweep",2,1,3
"3839","swelling",2,1,3
"3840","swift",2,1,3
"3841","swung",3,0,3
"3842","sympathies",2,1,3
"3843","tad",0,3,3
"3844","talent",3,0,3
"3845","talents",2,1,3
"3846","taunt",3,0,3
"3847","tazewell",3,0,3
"3848","teaches",3,0,3
"3849","telegrams",0,3,3
"3850","temper",0,3,3
"3851","tendering",0,3,3
"3852","terminate",2,1,3
"3853","terminated",0,3,3
"3854","testify",3,0,3
"3855","therefor",0,3,3
"3856","thornton",2,1,3
"3857","thou",3,0,3
"3858","threw",3,0,3
"3859","thy",3,0,3
"3860","toil",1,2,3
"3861","torch",3,0,3
"3862","tract",3,0,3
"3863","traffic",0,3,3
"3864","transaction",2,1,3
"3865","transit",0,3,3
"3866","transported",0,3,3
"3867","tribunal",2,1,3
"3868","trifling",3,0,3
"3869","trustees",0,3,3
"3870","tunnel",3,0,3
"3871","turner",3,0,3
"3872","tyler",3,0,3
"3873","tyrants",3,0,3
"3874","unanimously",3,0,3
"3875","undone",1,2,3
"3876","undue",3,0,3
"3877","unequal",3,0,3
"3878","unfinished",1,2,3
"3879","universe",1,2,3
"3880","unmistakable",3,0,3
"3881","unnecessary",0,3,3
"3882","unorganized",3,0,3
"3883","unprepared",0,3,3
"3884","unsatisfactory",2,1,3
"3885","untrue",3,0,3
"3886","unworthy",1,2,3
"3887","upper",3,0,3
"3888","urging",3,0,3
"3889","vain",0,3,3
"3890","valid",1,2,3
"3891","valley",0,3,3
"3892","vastly",3,0,3
"3893","ventured",1,2,3
"3894","veteran",0,3,3
"3895","victories",0,3,3
"3896","vigilance",0,3,3
"3897","viii",1,2,3
"3898","vinton",3,0,3
"3899","virtue",2,1,3
"3900","vocation",2,1,3
"3901","voices",3,0,3
"3902","vol",3,0,3
"3903","voluntary",0,3,3
"3904","volunteered",1,2,3
"3905","wages",2,1,3
"3906","waging",2,1,3
"3907","wards",1,2,3
"3908","warrant",1,2,3
"3909","warrants",0,3,3
"3910","wash",3,0,3
"3911","washburne",3,0,3
"3912","watching",2,1,3
"3913","wead",3,0,3
"3914","weaken",1,2,3
"3915","weight",2,1,3
"3916","westward",2,1,3
"3917","whipped",3,0,3
"3918","widows",0,3,3
"3919","williamson",1,2,3
"3920","wilmington",0,3,3
"3921","wind",2,1,3
"3922","winds",2,1,3
"3923","winter",1,2,3
"3924","wisest",1,2,3
"3925","withered",3,0,3
"3926","won",2,1,3
"3927","workings",3,0,3
"3928","worthless",2,1,3
"3929","wounds",0,3,3
"3930","writes",2,1,3
"3931","ye",3,0,3
"3932","yeatman",0,3,3
"3933","yielded",3,0,3
"3934","1,1865",0,2,2
"3935","1,456,514",0,2,2
"3936","1.25",2,0,2
"3937","1.30",0,2,2
"3938","11.15",0,2,2
"3939","11.25",0,2,2
"3940","12.30",0,2,2
"3941","16th",0,2,2
"3942","1776",2,0,2
"3943","1791",2,0,2
"3944","1793",2,0,2
"3945","18,842,558.71",0,2,2
"3946","1806",2,0,2
"3947","1807",2,0,2
"3948","1809",2,0,2
"3949","181,086,635.07",0,2,2
"3950","1810",2,0,2
"3951","1811",2,0,2
"3952","1815",2,0,2
"3953","1816",2,0,2
"3954","1827",2,0,2
"3955","1829",2,0,2
"3956","1831",2,0,2
"3957","1841",2,0,2
"3958","2.30",0,2,2
"3959","2.50",2,0,2
"3960","21st",1,1,2
"3961","23d",1,1,2
"3962","24th",0,2,2
"3963","267",1,1,2
"3964","27th",0,2,2
"3965","29,1864",0,2,2
"3966","2d",1,1,2
"3967","3,982,011",0,2,2
"3968","3.30",0,2,2
"3969","300,000",0,2,2
"3970","35",2,0,2
"3971","41",2,0,2
"3972","46",2,0,2
"3973","5,329,044.21",0,2,2
"3974","5.30",0,2,2
"3975","500,000",0,2,2
"3976","5000",1,1,2
"3977","7.30",0,2,2
"3978","730",2,0,2
"3979","772",1,1,2
"3980","83",1,1,2
"3981","865,234,087.86",0,2,2
"3982","895,796,630.65",0,2,2
"3983","90,000",1,1,2
"3984","901,125,674.86",0,2,2
"3985","abettors",0,2,2
"3986","abiding",0,2,2
"3987","abram",2,0,2
"3988","abridged",1,1,2
"3989","abridgment",1,1,2
"3990","absorbed",1,1,2
"3991","abstractions",2,0,2
"3992","abundance",2,0,2
"3993","acceptance",1,1,2
"3994","accepts",0,2,2
"3995","accessible",1,1,2
"3996","accommodate",1,1,2
"3997","accompanied",0,2,2
"3998","accompanies",1,1,2
"3999","accomplishment",1,1,2
"4000","accord",1,1,2
"4001","accused",2,0,2
"4002","achievement",1,1,2
"4003","acknowledged",0,2,2
"4004","acquiesce",1,1,2
"4005","adams's",2,0,2
"4006","adamses",2,0,2
"4007","additions",0,2,2
"4008","addresses",2,0,2
"4009","addressing",2,0,2
"4010","adequate",0,2,2
"4011","adhered",1,1,2
"4012","adherence",1,1,2
"4013","adjacent",0,2,2
"4014","adjoins",2,0,2
"4015","adjudication",0,2,2
"4016","adjunct",0,2,2
"4017","administer",0,2,2
"4018","adopting",2,0,2
"4019","adopts",2,0,2
"4020","advancing",0,2,2
"4021","adverse",1,1,2
"4022","advise",1,1,2
"4023","advised",1,1,2
"4024","advocated",1,1,2
"4025","affair",1,1,2
"4026","affidavit",2,0,2
"4027","affidavits",0,2,2
"4028","affirmatively",1,1,2
"4029","afflicted",1,1,2
"4030","afforded",0,2,2
"4031","aggressions",2,0,2
"4032","agitated",2,0,2
"4033","agriculture",0,2,2
"4034","aiders",0,2,2
"4035","aims",2,0,2
"4036","alacrity",0,2,2
"4037","alarms",2,0,2
"4038","albany",1,1,2
"4039","alias",0,2,2
"4040","allusion",2,0,2
"4041","altar",1,1,2
"4042","alter",1,1,2
"4043","amiable",2,0,2
"4044","amiss",0,2,2
"4045","amounts",0,2,2
"4046","amply",0,2,2
"4047","analyzed",2,0,2
"4048","anarchy",2,0,2
"4049","anchored",0,2,2
"4050","anderson",0,2,2
"4051","andre",2,0,2
"4052","angels",2,0,2
"4053","animal",2,0,2
"4054","animated",0,2,2
"4055","anne",0,2,2
"4056","annoyance",1,1,2
"4057","anxiously",0,2,2
"4058","appeals",0,2,2
"4059","appearance",0,2,2
"4060","appearing",0,2,2
"4061","applaud",1,1,2
"4062","appliances",2,0,2
"4063","applying",1,1,2
"4064","appointing",0,2,2
"4065","appomattox",0,2,2
"4066","apportionment",2,0,2
"4067","appreciation",0,2,2
"4068","apprentices",2,0,2
"4069","apprenticeship",0,2,2
"4070","apprised",2,0,2
"4071","appropriated",1,1,2
"4072","apt",2,0,2
"4073","aptly",2,0,2
"4074","arbitration",0,2,2
"4075","archibald",2,0,2
"4076","arm",2,0,2
"4077","armored",0,2,2
"4078","arranged",0,2,2
"4079","array",2,0,2
"4080","art",1,1,2
"4081","arthur",1,1,2
"4082","arts",0,2,2
"4083","aspirations",1,1,2
"4084","assaults",1,1,2
"4085","assembling",0,2,2
"4086","assembly",0,2,2
"4087","assented",1,1,2
"4088","assertion",2,0,2
"4089","assigning",0,2,2
"4090","assignment",0,2,2
"4091","assures",0,2,2
"4092","astounding",0,2,2
"4093","attacked",1,1,2
"4094","attacks",0,2,2
"4095","attained",1,1,2
"4096","attest",0,2,2
"4097","augment",2,0,2
"4098","augmented",0,2,2
"4099","augmenting",2,0,2
"4100","authorizes",0,2,2
"4101","autumn",1,1,2
"4102","availability",2,0,2
"4103","avow",1,1,2
"4104","avowal",1,1,2
"4105","await",1,1,2
"4106","awakened",2,0,2
"4107","awful",2,0,2
"4108","awkward",1,1,2
"4109","axe",2,0,2
"4110","baggage",1,1,2
"4111","baily",2,0,2
"4112","ballots",2,0,2
"4113","barbarism",2,0,2
"4114","bargain",2,0,2
"4115","barry",2,0,2
"4116","bastard",2,0,2
"4117","batteries",0,2,2
"4118","beginner",0,2,2
"4119","begins",1,1,2
"4120","behold",1,1,2
"4121","belong",0,2,2
"4122","bend",0,2,2
"4123","beneficial",0,2,2
"4124","berdan",2,0,2
"4125","bereavement",1,1,2
"4126","bidding",2,0,2
"4127","birthday",2,0,2
"4128","bishop",1,1,2
"4129","bissell",2,0,2
"4130","bit",2,0,2
"4131","bixby",0,2,2
"4132","blaine",0,2,2
"4133","blair's",0,2,2
"4134","blake",0,2,2
"4135","blessed",1,1,2
"4136","blockaded",0,2,2
"4137","blot",2,0,2
"4138","blown",2,0,2
"4139","bludgeon",2,0,2
"4140","bodied",0,2,2
"4141","bold",2,0,2
"4142","bonds",0,2,2
"4143","borrow",2,0,2
"4144","borrowed",0,2,2
"4145","botts",2,0,2
"4146","bought",2,0,2
"4147","bounds",2,0,2
"4148","bowers",0,2,2
"4149","bradford",0,2,2
"4150","bravery",0,2,2
"4151","brazil",1,1,2
"4152","brazos",0,2,2
"4153","breathed",2,0,2
"4154","breeze",2,0,2
"4155","brewster",0,2,2
"4156","bridges",2,0,2
"4157","brig",0,2,2
"4158","bright",2,0,2
"4159","brood",2,0,2
"4160","brow",2,0,2
"4161","bullets",1,1,2
"4162","bunce",2,0,2
"4163","bureau",0,2,2
"4164","burn",2,0,2
"4165","burnet",2,0,2
"4166","bury",2,0,2
"4167","bye",1,1,2
"4168","bygones",2,0,2
"4169","caissons",0,2,2
"4170","calm",1,1,2
"4171","calmness",1,1,2
"4172","calvin",0,2,2
"4173","campaigns",0,2,2
"4174","canals",2,0,2
"4175","candor",2,0,2
"4176","caps",0,2,2
"4177","capt",0,2,2
"4178","captures",0,2,2
"4179","carriage",1,1,2
"4180","carved",2,0,2
"4181","ceded",2,0,2
"4182","celebrate",2,0,2
"4183","centre",2,0,2
"4184","ceremony",1,1,2
"4185","certified",0,2,2
"4186","chalked",2,0,2
"4187","challenged",2,0,2
"4188","chamber",2,0,2
"4189","champions",2,0,2
"4190","chandler",2,0,2
"4191","changing",1,1,2
"4192","channels",1,1,2
"4193","chapter",2,0,2
"4194","characterized",2,0,2
"4195","charity",1,1,2
"4196","charter",2,0,2
"4197","cheaper",2,0,2
"4198","checked",0,2,2
"4199","cherish",1,1,2
"4200","chew",1,1,2
"4201","chopping",2,0,2
"4202","christendom",2,0,2
"4203","christiana",0,2,2
"4204","christmas",1,1,2
"4205","circle",2,0,2
"4206","claimants",0,2,2
"4207","clamored",2,0,2
"4208","cleared",1,1,2
"4209","clement",0,2,2
"4210","coalter",0,2,2
"4211","coerced",1,1,2
"4212","coin",1,1,2
"4213","colleagues",2,0,2
"4214","collect",1,1,2
"4215","collected",2,0,2
"4216","collector",0,2,2
"4217","college",0,2,2
"4218","colombia",0,2,2
"4219","colonial",1,1,2
"4220","columbus",0,2,2
"4221","combating",2,0,2
"4222","combinations",0,2,2
"4223","comity",0,2,2
"4224","commences",2,0,2
"4225","comments",0,2,2
"4226","committals",0,2,2
"4227","companion",1,1,2
"4228","compatible",1,1,2
"4229","compensate",1,1,2
"4230","complacently",2,0,2
"4231","complaints",0,2,2
"4232","comprehend",0,2,2
"4233","concludes",2,0,2
"4234","conclusively",0,2,2
"4235","condemn",2,0,2
"4236","condemnation",1,1,2
"4237","conditionally",0,2,2
"4238","conducting",0,2,2
"4239","confederate",0,2,2
"4240","confinement",0,2,2
"4241","confirmed",2,0,2
"4242","conflicting",1,1,2
"4243","confronted",1,1,2
"4244","congratulation",0,2,2
"4245","conkling",0,2,2
"4246","connections",1,1,2
"4247","conquered",1,1,2
"4248","consciousness",2,0,2
"4249","consecrated",1,1,2
"4250","consents",2,0,2
"4251","considerably",0,2,2
"4252","consistency",2,0,2
"4253","consolation",1,1,2
"4254","consolations",0,2,2
"4255","conspicuously",2,0,2
"4256","constraint",0,2,2
"4257","construct",0,2,2
"4258","consulate",0,2,2
"4259","consummated",0,2,2
"4260","contact",2,0,2
"4261","contented",2,0,2
"4262","contests",2,0,2
"4263","continuous",0,2,2
"4264","contracted",1,1,2
"4265","contradiction",2,0,2
"4266","contravening",0,2,2
"4267","contributed",2,0,2
"4268","contributions",1,1,2
"4269","controvert",2,0,2
"4270","convene",0,2,2
"4271","conversations",0,2,2
"4272","converted",1,1,2
"4273","convey",0,2,2
"4274","conveyance",1,1,2
"4275","conway",0,2,2
"4276","correctly",1,1,2
"4277","correspond",2,0,2
"4278","costa",0,2,2
"4279","costs",2,0,2
"4280","councils",1,1,2
"4281","country's",0,2,2
"4282","courteous",0,2,2
"4283","covered",2,0,2
"4284","covert",2,0,2
"4285","craft",1,1,2
"4286","creator",1,1,2
"4287","creatures",1,1,2
"4288","crediting",1,1,2
"4289","creed",2,0,2
"4290","crew",0,2,2
"4291","cries",1,1,2
"4292","criticism",2,0,2
"4293","crook's",0,2,2
"4294","crosby",0,2,2
"4295","crowd",2,0,2
"4296","crown",2,0,2
"4297","cuba",1,1,2
"4298","cullom",2,0,2
"4299","cultivate",2,0,2
"4300","cultivation",0,2,2
"4301","cure",1,1,2
"4302","cursed",2,0,2
"4303","cutting",2,0,2
"4304","dahlgren",0,2,2
"4305","dangerously",2,0,2
"4306","dangers",1,1,2
"4307","daniel",1,1,2
"4308","dares",2,0,2
"4309","darker",1,1,2
"4310","dash",1,1,2
"4311","davenport",1,1,2
"4312","day's",1,1,2
"4313","dealer",1,1,2
"4314","dealing",1,1,2
"4315","dealt",1,1,2
"4316","decidedly",2,0,2
"4317","decides",2,0,2
"4318","declines",0,2,2
"4319","decrees",1,1,2
"4320","dedicate",0,2,2
"4321","deduced",2,0,2
"4322","deducted",0,2,2
"4323","deeper",2,0,2
"4324","defect",2,0,2
"4325","defence",2,0,2
"4326","defenders",0,2,2
"4327","defied",2,0,2
"4328","delayed",1,1,2
"4329","deliverance",1,1,2
"4330","delivering",1,1,2
"4331","demonstrated",0,2,2
"4332","denies",2,0,2
"4333","denounces",1,1,2
"4334","depart",0,2,2
"4335","department's",2,0,2
"4336","depend",1,1,2
"4337","dependent",1,1,2
"4338","deportment",2,0,2
"4339","deposited",1,1,2
"4340","deposits",2,0,2
"4341","deprecates",2,0,2
"4342","deprive",2,0,2
"4343","deprived",1,1,2
"4344","deserves",0,2,2
"4345","designates",0,2,2
"4346","desperation",2,0,2
"4347","destined",0,2,2
"4348","detaining",1,1,2
"4349","detest",2,0,2
"4350","detrimental",0,2,2
"4351","devote",1,1,2
"4352","devoting",1,1,2
"4353","dictionary",1,1,2
"4354","differs",2,0,2
"4355","digs",2,0,2
"4356","diligently",0,2,2
"4357","diller",2,0,2
"4358","dirge",2,0,2
"4359","disagree",1,1,2
"4360","disappear",1,1,2
"4361","disapprove",2,0,2
"4362","disapproved",1,1,2
"4363","disarmed",0,2,2
"4364","disasters",1,1,2
"4365","disbanded",0,2,2
"4366","disbanding",0,2,2
"4367","discern",0,2,2
"4368","disclaims",0,2,2
"4369","discourage",2,0,2
"4370","discoveries",0,2,2
"4371","discredit",1,1,2
"4372","discussions",1,1,2
"4373","disease",1,1,2
"4374","disestablish",2,0,2
"4375","dishonest",2,0,2
"4376","dishonesty",2,0,2
"4377","dislodged",0,2,2
"4378","dismiss",1,1,2
"4379","disperse",0,2,2
"4380","disregarding",1,1,2
"4381","dissenters",2,0,2
"4382","distinctness",2,0,2
"4383","distracted",2,0,2
"4384","distress",1,1,2
"4385","distributed",0,2,2
"4386","distribution",1,1,2
"4387","disturbances",0,2,2
"4388","disunionist",1,1,2
"4389","docket",2,0,2
"4390","doctrines",2,0,2
"4391","dog",2,0,2
"4392","doings",1,1,2
"4393","dollar",2,0,2
"4394","dominated",1,1,2
"4395","domingo",0,2,2
"4396","don",1,1,2
"4397","doomed",2,0,2
"4398","doubled",2,0,2
"4399","doubting",1,1,2
"4400","dower",2,0,2
"4401","drawing",1,1,2
"4402","dread",2,0,2
"4403","dreaded",1,1,2
"4404","dropped",2,0,2
"4405","drops",2,0,2
"4406","droves",2,0,2
"4407","duped",2,0,2
"4408","duress",1,1,2
"4409","dust",1,1,2
"4410","dwelling",0,2,2
"4411","ease",2,0,2
"4412","ecclesiastical",0,2,2
"4413","eddy",2,0,2
"4414","edited",1,1,2
"4415","editors",0,2,2
"4416","educated",1,1,2
"4417","effusion",0,2,2
"4418","elapsed",0,2,2
"4419","elegant",1,1,2
"4420","eloquently",2,0,2
"4421","emancipate",2,0,2
"4422","embarrassed",2,0,2
"4423","embree",2,0,2
"4424","emigrants",1,1,2
"4425","emigration",2,0,2
"4426","eminent",0,2,2
"4427","emperor",0,2,2
"4428","employ",1,1,2
"4429","employing",1,1,2
"4430","enclose",1,1,2
"4431","enclosed",2,0,2
"4432","encounter",1,1,2
"4433","encouraged",1,1,2
"4434","encroachments",2,0,2
"4435","encumbrance",2,0,2
"4436","endangered",1,1,2
"4437","endangering",1,1,2
"4438","endangers",2,0,2
"4439","endeavoring",1,1,2
"4440","endured",1,1,2
"4441","enduring",1,1,2
"4442","enforced",1,1,2
"4443","enforcement",2,0,2
"4444","engagement",1,1,2
"4445","enlighten",0,2,2
"4446","enlist",0,2,2
"4447","enrolments",0,2,2
"4448","enslave",1,1,2
"4449","entering",1,1,2
"4450","enterprising",1,1,2
"4451","enthusiastic",2,0,2
"4452","entries",1,1,2
"4453","equitable",0,2,2
"4454","era",2,0,2
"4455","eradicate",1,1,2
"4456","erring",0,2,2
"4457","essentially",1,1,2
"4458","establishes",2,0,2
"4459","establishments",0,2,2
"4460","esteemed",0,2,2
"4461","estimation",2,0,2
"4462","ethiopia",0,2,2
"4463","evacuate",2,0,2
"4464","evaded",1,1,2
"4465","evans",0,2,2
"4466","everlasting",1,1,2
"4467","evidences",1,1,2
"4468","ewell",0,2,2
"4469","exceed",0,2,2
"4470","exceptions",1,1,2
"4471","excitement",2,0,2
"4472","exclusion",1,1,2
"4473","exercises",2,0,2
"4474","exhaustion",0,2,2
"4475","exhibits",1,1,2
"4476","expelled",2,0,2
"4477","expended",2,0,2
"4478","export",0,2,2
"4479","exposes",0,2,2
"4480","extends",0,2,2
"4481","extinction",0,2,2
"4482","extirpation",0,2,2
"4483","extremes",2,0,2
"4484","extremists",2,0,2
"4485","eyck",0,2,2
"4486","factious",2,0,2
"4487","fairness",1,1,2
"4488","falsehood",1,1,2
"4489","famed",2,0,2
"4490","famous",1,1,2
"4491","fanny",2,0,2
"4492","farm",1,1,2
"4493","farmer",1,1,2
"4494","farragut",0,2,2
"4495","fashionable",2,0,2
"4496","fasleigh",0,2,2
"4497","fasten",2,0,2
"4498","fatally",2,0,2
"4499","father's",1,1,2
"4500","favorably",2,0,2
"4501","favoring",2,0,2
"4502","favors",1,1,2
"4503","fearing",0,2,2
"4504","fears",1,1,2
"4505","feb",2,0,2
"4506","feed",1,1,2
"4507","fierce",2,0,2
"4508","filley",0,2,2
"4509","filling",1,1,2
"4510","fillmore's",2,0,2
"4511","fine",2,0,2
"4512","finish",1,1,2
"4513","finished",0,2,2
"4514","firmness",0,2,2
"4515","fishback",0,2,2
"4516","fithian",2,0,2
"4517","fixing",2,0,2
"4518","flagrant",0,2,2
"4519","flanked",2,0,2
"4520","fled",2,0,2
"4521","fleet",0,2,2
"4522","fleets",0,2,2
"4523","flotillas",0,2,2
"4524","fly",0,2,2
"4525","folly",2,0,2
"4526","fools",2,0,2
"4527","forbear",2,0,2
"4528","forbearance",1,1,2
"4529","forbidden",1,1,2
"4530","forcing",1,1,2
"4531","ford",1,1,2
"4532","forfeitures",0,2,2
"4533","forged",1,1,2
"4534","forgets",2,0,2
"4535","forks",0,2,2
"4536","formally",1,1,2
"4537","forties",2,0,2
"4538","foster's",0,2,2
"4539","fostered",0,2,2
"4540","fowl",0,2,2
"4541","fragments",2,0,2
"4542","framers",2,0,2
"4543","framing",1,1,2
"4544","franklin",0,2,2
"4545","fraudulent",0,2,2
"4546","freight",1,1,2
"4547","fremonters",2,0,2
"4548","frequent",1,1,2
"4549","frontiers",0,2,2
"4550","fruitful",1,1,2
"4551","fugitives",2,0,2
"4552","fulfilment",1,1,2
"4553","fun",2,0,2
"4554","funayma",0,2,2
"4555","funded",0,2,2
"4556","furiously",1,1,2
"4557","furnishes",1,1,2
"4558","gaining",0,2,2
"4559","galena",2,0,2
"4560","gallantly",0,2,2
"4561","gallows",2,0,2
"4562","gaming",2,0,2
"4563","gather",1,1,2
"4564","generously",0,2,2
"4565","gerard",2,0,2
"4566","gifted",2,0,2
"4567","gillam",0,2,2
"4568","gladly",2,0,2
"4569","gladness",1,1,2
"4570","glenn",0,2,2
"4571","god's",1,1,2
"4572","gonyeag",0,2,2
"4573","goodness",0,2,2
"4574","goodrich",2,0,2
"4575","gordon",0,2,2
"4576","governing",1,1,2
"4577","governmental",0,2,2
"4578","graceful",1,1,2
"4579","grants",0,2,2
"4580","grass",2,0,2
"4581","gratefully",0,2,2
"4582","gravely",2,0,2
"4583","groves",2,0,2
"4584","grows",2,0,2
"4585","guards",0,2,2
"4586","guess",2,0,2
"4587","guided",1,1,2
"4588","guilt",1,1,2
"4589","gunboats",0,2,2
"4590","hackett",0,2,2
"4591","hailed",1,1,2
"4592","hallowed",2,0,2
"4593","haman",2,0,2
"4594","handwriting",2,0,2
"4595","hanging",1,1,2
"4596","harder",0,2,2
"4597","hardest",0,2,2
"4598","harmed",0,2,2
"4599","harmonize",2,0,2
"4600","harris",2,0,2
"4601","harrisburg",0,2,2
"4602","harvests",0,2,2
"4603","haskell",2,0,2
"4604","hat",2,0,2
"4605","hateful",2,0,2
"4606","hath",1,1,2
"4607","hatred",2,0,2
"4608","hawk",2,0,2
"4609","headed",2,0,2
"4610","heated",1,1,2
"4611","heavens",1,1,2
"4612","heavily",0,2,2
"4613","helping",2,0,2
"4614","henceforth",1,1,2
"4615","herald",1,1,2
"4616","hereinbefore",0,2,2
"4617","hidden",1,1,2
"4618","hill",1,1,2
"4619","hiram",0,2,2
"4620","hit",2,0,2
"4621","holders",2,0,2
"4622","holiday",2,0,2
"4623","hollow",2,0,2
"4624","homage",0,2,2
"4625","homeless",0,2,2
"4626","homestead",0,2,2
"4627","honored",1,1,2
"4628","honors",1,1,2
"4629","hood",0,2,2
"4630","hopeful",0,2,2
"4631","hoping",1,1,2
"4632","horribly",2,0,2
"4633","hospitals",1,1,2
"4634","household",1,1,2
"4635","howell",1,1,2
"4636","hudson",0,2,2
"4637","hull's",2,0,2
"4638","hungarian",2,0,2
"4639","hungary",2,0,2
"4640","hungry",2,0,2
"4641","hurry",2,0,2
"4642","hypocrisy",2,0,2
"4643","idaho",0,2,2
"4644","identical",1,1,2
"4645","identify",0,2,2
"4646","iii",1,1,2
"4647","illimitable",2,0,2
"4648","illustrious",1,1,2
"4649","immaterial",0,2,2
"4650","immortal",2,0,2
"4651","impaired",2,0,2
"4652","impartial",0,2,2
"4653","impartially",2,0,2
"4654","import",1,1,2
"4655","importation",1,1,2
"4656","imposing",0,2,2
"4657","impossibility",2,0,2
"4658","imposts",0,2,2
"4659","impracticable",0,2,2
"4660","impressions",1,1,2
"4661","impressive",1,1,2
"4662","imprisoned",0,2,2
"4663","improbable",2,0,2
"4664","impugning",1,1,2
"4665","inaugurate",1,1,2
"4666","incidentally",2,0,2
"4667","inclose",1,1,2
"4668","inclosure",1,1,2
"4669","income",0,2,2
"4670","incomplete",2,0,2
"4671","incomprehensible",1,1,2
"4672","inconsiderable",1,1,2
"4673","inconsistency",2,0,2
"4674","incur",0,2,2
"4675","indebtedness",2,0,2
"4676","indemnification",1,1,2
"4677","index",2,0,2
"4678","indianapolis",0,2,2
"4679","indictment",2,0,2
"4680","individually",1,1,2
"4681","indulge",0,2,2
"4682","ineffectual",2,0,2
"4683","inestimable",0,2,2
"4684","inevitably",1,1,2
"4685","infamy",2,0,2
"4686","infant",2,0,2
"4687","inference",2,0,2
"4688","inferences",1,1,2
"4689","inflicted",0,2,2
"4690","inhabitant",2,0,2
"4691","inhabited",2,0,2
"4692","injuries",0,2,2
"4693","inland",0,2,2
"4694","innocent",1,1,2
"4695","insensible",1,1,2
"4696","insisting",2,0,2
"4697","inspired",1,1,2
"4698","instigation",0,2,2
"4699","insufficient",2,0,2
"4700","intellect",2,0,2
"4701","intellectual",2,0,2
"4702","intentionally",1,1,2
"4703","interference",1,1,2
"4704","interoceanic",0,2,2
"4705","interposition",0,2,2
"4706","intimates",2,0,2
"4707","intimating",2,0,2
"4708","intrenched",0,2,2
"4709","introduces",1,1,2
"4710","intrust",2,0,2
"4711","inviolate",0,2,2
"4712","invoked",2,0,2
"4713","invokes",1,1,2
"4714","involves",2,0,2
"4715","irish",2,0,2
"4716","irony",2,0,2
"4717","irresponsible",1,1,2
"4718","islands",0,2,2
"4719","items",2,0,2
"4720","iv",1,1,2
"4721","iverson",2,0,2
"4722","jameson",0,2,2
"4723","japanese",0,2,2
"4724","jayne",0,2,2
"4725","joe",0,2,2
"4726","journals",2,0,2
"4727","joy",2,0,2
"4728","jr",0,2,2
"4729","juan",0,2,2
"4730","judd",1,1,2
"4731","judgments",1,1,2
"4732","justifying",2,0,2
"4733","keys",2,0,2
"4734","kicked",2,0,2
"4735","killed",0,2,2
"4736","kindest",1,1,2
"4737","kindreds",1,1,2
"4738","kinney",0,2,2
"4739","kirkland",0,2,2
"4740","knocking",1,1,2
"4741","knowingly",1,1,2
"4742","la",0,2,2
"4743","laboring",0,2,2
"4744","lakes",1,1,2
"4745","lamon",2,0,2
"4746","landless",0,2,2
"4747","lapsley",1,1,2
"4748","lastly",2,0,2
"4749","laudable",1,1,2
"4750","lawrence",2,0,2
"4751","lawyers",2,0,2
"4752","lazy",1,1,2
"4753","lecture",1,1,2
"4754","lee's",0,2,2
"4755","legislate",2,0,2
"4756","legislating",2,0,2
"4757","levying",2,0,2
"4758","liability",1,1,2
"4759","libby",0,2,2
"4760","liberate",2,0,2
"4761","liberation",0,2,2
"4762","licensed",1,1,2
"4763","licenses",0,2,2
"4764","lieu",1,1,2
"4765","lieut",0,2,2
"4766","lifelong",2,0,2
"4767","lifetime",0,2,2
"4768","lights",1,1,2
"4769","lii",0,2,2
"4770","liii",0,2,2
"4771","likewise",0,2,2
"4772","lincoln's",1,1,2
"4773","liv",0,2,2
"4774","livery",2,0,2
"4775","loath",1,1,2
"4776","location",0,2,2
"4777","locofoco",2,0,2
"4778","locofocos",2,0,2
"4779","lodged",1,1,2
"4780","logan's",2,0,2
"4781","logical",1,1,2
"4782","loomis",0,2,2
"4783","lords",2,0,2
"4784","loud",2,0,2
"4785","lovers",2,0,2
"4786","lowe",0,2,2
"4787","lullaby",2,0,2
"4788","lv",0,2,2
"4789","machinery",1,1,2
"4790","maclean",0,2,2
"4791","madison's",2,0,2
"4792","magic",2,0,2
"4793","magistrate",0,2,2
"4794","magistrates",0,2,2
"4795","magnificent",0,2,2
"4796","mails",2,0,2
"4797","majesty's",0,2,2
"4798","mammon",2,0,2
"4799","manage",2,0,2
"4800","manifestation",2,0,2
"4801","mann",0,2,2
"4802","marines",0,2,2
"4803","marry",2,0,2
"4804","martinsburg",0,2,2
"4805","materials",1,1,2
"4806","maynard",0,2,2
"4807","mcclernand",2,0,2
"4808","mcconkey",0,2,2
"4809","mcdowell",0,2,2
"4810","mechanics",1,1,2
"4811","memorial",1,1,2
"4812","memories",1,1,2
"4813","menacing",0,2,2
"4814","menard",2,0,2
"4815","mentioning",0,2,2
"4816","merchants",0,2,2
"4817","merciful",1,1,2
"4818","merits",2,0,2
"4819","merry",2,0,2
"4820","michael",0,2,2
"4821","milderborger",0,2,2
"4822","miller's",1,1,2
"4823","million",2,0,2
"4824","mindful",2,0,2
"4825","miners",0,2,2
"4826","mingle",1,1,2
"4827","minimum",1,1,2
"4828","mischievous",1,1,2
"4829","misrepresent",2,0,2
"4830","misrepresented",2,0,2
"4831","miss",1,1,2
"4832","mistaking",2,0,2
"4833","mobley",2,0,2
"4834","modification",1,1,2
"4835","modifications",1,1,2
"4836","moments",1,1,2
"4837","monarchy",1,1,2
"4838","montgomery",0,2,2
"4839","mood",1,1,2
"4840","moon",1,1,2
"4841","morals",2,0,2
"4842","moreau",2,0,2
"4843","mortgage",2,0,2
"4844","murder",0,2,2
"4845","musket",2,0,2
"4846","n.y",0,2,2
"4847","nail",2,0,2
"4848","napoleon",2,0,2
"4849","narrow",2,0,2
"4850","narrowed",2,0,2
"4851","nay",2,0,2
"4852","negotiation",0,2,2
"4853","nerve",1,1,2
"4854","neutrality",0,2,2
"4855","newbern",0,2,2
"4856","newell",0,2,2
"4857","newly",2,0,2
"4858","nice",2,0,2
"4859","nichols",0,2,2
"4860","nominate",0,2,2
"4861","nominations",0,2,2
"4862","notable",1,1,2
"4863","nothings",2,0,2
"4864","notification",0,2,2
"4865","nowise",1,1,2
"4866","oak",0,2,2
"4867","obey",2,0,2
"4868","observe",1,1,2
"4869","obstacle",1,1,2
"4870","obstruct",0,2,2
"4871","obstructed",1,1,2
"4872","obstruction",2,0,2
"4873","occasioned",2,0,2
"4874","occupying",1,1,2
"4875","occurring",0,2,2
"4876","occurs",0,2,2
"4877","odds",1,1,2
"4878","odium",2,0,2
"4879","offensive",1,1,2
"4880","offers",0,2,2
"4881","offshore",0,2,2
"4882","offspring",2,0,2
"4883","oft",1,1,2
"4884","oil",2,0,2
"4885","omaha",0,2,2
"4886","opportunities",2,0,2
"4887","oppressions",1,1,2
"4888","option",2,0,2
"4889","orator",2,0,2
"4890","ordained",2,0,2
"4891","organic",0,2,2
"4892","organizations",1,1,2
"4893","organize",1,1,2
"4894","osterhaus",0,2,2
"4895","other's",2,0,2
"4896","outnumber",2,0,2
"4897","outright",2,0,2
"4898","overrule",1,1,2
"4899","overruled",2,0,2
"4900","ovey",0,2,2
"4901","owes",0,2,2
"4902","ownership",2,0,2
"4903","owning",0,2,2
"4904","ox",1,1,2
"4905","pa",0,2,2
"4906","painfully",1,1,2
"4907","pale",2,0,2
"4908","palpable",0,2,2
"4909","paramount",1,1,2
"4910","parcel",1,1,2
"4911","pardoning",0,2,2
"4912","paris",1,1,2
"4913","parker",2,0,2
"4914","particularity",2,0,2
"4915","passages",1,1,2
"4916","passenger",1,1,2
"4917","passes",2,0,2
"4918","passport",0,2,2
"4919","patents",0,2,2
"4920","patriot",1,1,2
"4921","payable",2,0,2
"4922","peacefully",1,1,2
"4923","peascod",2,0,2
"4924","peep",2,0,2
"4925","pekin",2,0,2
"4926","pendleton",2,0,2
"4927","perfected",1,1,2
"4928","periled",0,2,2
"4929","perilous",0,2,2
"4930","periodicals",2,0,2
"4931","perpetuation",1,1,2
"4932","perplexed",2,0,2
"4933","perplexity",1,1,2
"4934","perseverance",0,2,2
"4935","persist",2,0,2
"4936","persistently",0,2,2
"4937","pertaining",0,2,2
"4938","pertinent",0,2,2
"4939","petitions",2,0,2
"4940","pettit",2,0,2
"4941","phase",1,1,2
"4942","pickering",0,2,2
"4943","picking",2,0,2
"4944","pierpoint",0,2,2
"4945","pigs",2,0,2
"4946","pinches",2,0,2
"4947","piqua",2,0,2
"4948","piracy",2,0,2
"4949","pirate",1,1,2
"4950","piratical",1,1,2
"4951","plagued",2,0,2
"4952","plaintiff's",2,0,2
"4953","plant",2,0,2
"4954","planting",2,0,2
"4955","plat",2,0,2
"4956","platte",0,2,2
"4957","played",1,1,2
"4958","plea",1,1,2
"4959","pleasing",1,1,2
"4960","pledge",0,2,2
"4961","plenipotentiary",0,2,2
"4962","plymouth",0,2,2
"4963","poetry",2,0,2
"4964","politic",2,0,2
"4965","politician",2,0,2
"4966","polk's",2,0,2
"4967","polygamy",2,0,2
"4968","pomeroy's",0,2,2
"4969","portentous",2,0,2
"4970","positively",0,2,2
"4971","possess",1,1,2
"4972","possessed",2,0,2
"4973","possessions",1,1,2
"4974","possessory",0,2,2
"4975","postoffice",2,0,2
"4976","postponed",2,0,2
"4977","pouring",1,1,2
"4978","poverty",1,1,2
"4979","pp",2,0,2
"4980","practices",2,0,2
"4981","practise",2,0,2
"4982","prairies",2,0,2
"4983","prays",1,1,2
"4984","precaution",0,2,2
"4985","precautions",0,2,2
"4986","preceded",1,1,2
"4987","precept",2,0,2
"4988","preferred",1,1,2
"4989","preparation",0,2,2
"4990","pretence",2,0,2
"4991","pretenses",1,1,2
"4992","preventive",2,0,2
"4993","prices",1,1,2
"4994","proclaiming",2,0,2
"4995","production",1,1,2
"4996","professed",0,2,2
"4997","professing",0,2,2
"4998","profitably",0,2,2
"4999","promptness",1,1,2
"5000","promulgated",0,2,2
"5001","pronounce",2,0,2
"5002","proposals",1,1,2
"5003","proprietors",1,1,2
"5004","prosecute",0,2,2
"5005","proslavery",2,0,2
"5006","prospects",2,0,2
"5007","protecting",0,2,2
"5008","protestant",2,0,2
"5009","protested",0,2,2
"5010","provocations",0,2,2
"5011","proximity",0,2,2
"5012","publicity",0,2,2
"5013","pure",2,0,2
"5014","purely",1,1,2
"5015","purposed",0,2,2
"5016","pursuing",0,2,2
"5017","push",2,0,2
"5018","pushed",1,1,2
"5019","quelled",2,0,2
"5020","questioning",0,2,2
"5021","rages",1,1,2
"5022","railroads",1,1,2
"5023","railway",1,1,2
"5024","railways",1,1,2
"5025","rallying",0,2,2
"5026","randall",0,2,2
"5027","rapidity",2,0,2
"5028","rappahannock",0,2,2
"5029","rare",2,0,2
"5030","ratified",1,1,2
"5031","reaccept",0,2,2
"5032","reader",2,0,2
"5033","readers",2,0,2
"5034","readiness",0,2,2
"5035","reaffirm",2,0,2
"5036","realized",1,1,2
"5037","reappointment",2,0,2
"5038","receding",0,2,2
"5039","reciprocal",0,2,2
"5040","reclaimed",1,1,2
"5041","recommending",2,0,2
"5042","recommends",1,1,2
"5043","reconsideration",0,2,2
"5044","reconstruct",0,2,2
"5045","recruits",0,2,2
"5046","reeder",2,0,2
"5047","reelection",2,0,2
"5048","refers",0,2,2
"5049","reflections",2,0,2
"5050","refreshment",0,2,2
"5051","refuge",1,1,2
"5052","refund",2,0,2
"5053","reinaugurate",1,1,2
"5054","reinstate",2,0,2
"5055","rejection",1,1,2
"5056","rejoicing",0,2,2
"5057","related",0,2,2
"5058","released",2,0,2
"5059","relied",0,2,2
"5060","religious",0,2,2
"5061","rely",1,1,2
"5062","remann",2,0,2
"5063","remedied",2,0,2
"5064","remembrance",0,2,2
"5065","remind",2,0,2
"5066","reminds",2,0,2
"5067","remitted",0,2,2
"5068","remnant",1,1,2
"5069","remunerative",0,2,2
"5070","renomination",1,1,2
"5071","reorganizing",0,2,2
"5072","repaired",1,1,2
"5073","repayment",2,0,2
"5074","repeatedly",2,0,2
"5075","repeats",2,0,2
"5076","reporters",1,1,2
"5077","reporting",0,2,2
"5078","represents",1,1,2
"5079","repress",2,0,2
"5080","reproach",2,0,2
"5081","reserve",1,1,2
"5082","reside",1,1,2
"5083","residue",1,1,2
"5084","resists",2,0,2
"5085","respectably",2,0,2
"5086","restrained",0,2,2
"5087","restraint",1,1,2
"5088","restrict",1,1,2
"5089","restricted",2,0,2
"5090","resulted",0,2,2
"5091","resulting",1,1,2
"5092","resumption",0,2,2
"5093","retake",0,2,2
"5094","retard",1,1,2
"5095","retired",2,0,2
"5096","retirement",2,0,2
"5097","retiring",2,0,2
"5098","retribution",0,2,2
"5099","rev",1,1,2
"5100","revenues",0,2,2
"5101","reverently",0,2,2
"5102","reverse",1,1,2
"5103","reversed",2,0,2
"5104","revised",2,0,2
"5105","revival",2,0,2
"5106","revolutionize",2,0,2
"5107","rica",0,2,2
"5108","rice",0,2,2
"5109","richer",1,1,2
"5110","ridgely",2,0,2
"5111","ridiculous",1,1,2
"5112","righteous",0,2,2
"5113","rightly",2,0,2
"5114","risen",2,0,2
"5115","rival",2,0,2
"5116","roberts",0,2,2
"5117","rocky",0,2,2
"5118","rogers",0,2,2
"5119","rot",2,0,2
"5120","ruined",0,2,2
"5121","ruinous",1,1,2
"5122","rumors",0,2,2
"5123","ruthless",2,0,2
"5124","sack",0,2,2
"5125","sacrifices",2,0,2
"5126","safer",1,1,2
"5127","saltmarsh",2,0,2
"5128","salute",0,2,2
"5129","sanctioned",1,1,2
"5130","sandy",0,2,2
"5131","sanguine",1,1,2
"5132","santiago",0,2,2
"5133","savannah",0,2,2
"5134","scale",1,1,2
"5135","scates",0,2,2
"5136","scene",1,1,2
"5137","scheldt",0,2,2
"5138","schools",0,2,2
"5139","scorned",2,0,2
"5140","scrap",2,0,2
"5141","scripps",0,2,2
"5142","season",1,1,2
"5143","seceded",0,2,2
"5144","seclusion",1,1,2
"5145","secretaries",1,1,2
"5146","secures",2,0,2
"5147","securities",0,2,2
"5148","seize",1,1,2
"5149","seizes",2,0,2
"5150","seizing",0,2,2
"5151","selfish",2,0,2
"5152","senatorial",2,0,2
"5153","sensibility",1,1,2
"5154","sentenced",0,2,2
"5155","serving",1,1,2
"5156","servitude",1,1,2
"5157","sessions",1,1,2
"5158","sets",1,1,2
"5159","settling",2,0,2
"5160","shade",2,0,2
"5161","shadow",2,0,2
"5162","shaft",2,0,2
"5163","shake",2,0,2
"5164","shedding",2,0,2
"5165","shelbyville",2,0,2
"5166","shell",2,0,2
"5167","shepherd",0,2,2
"5168","shoe",2,0,2
"5169","shores",0,2,2
"5170","shoulders",1,1,2
"5171","shut",1,1,2
"5172","signers",2,0,2
"5173","significance",2,0,2
"5174","signified",1,1,2
"5175","signing",1,1,2
"5176","silence",2,0,2
"5177","sine",0,2,2
"5178","sink",1,1,2
"5179","sit",2,0,2
"5180","sits",2,0,2
"5181","sitting",2,0,2
"5182","sixteen",2,0,2
"5183","size",2,0,2
"5184","skillful",0,2,2
"5185","skulked",2,0,2
"5186","slaveholders",2,0,2
"5187","slaveholding",2,0,2
"5188","slip",0,2,2
"5189","slips",2,0,2
"5190","slough",0,2,2
"5191","slowly",1,1,2
"5192","snider",0,2,2
"5193","societies",1,1,2
"5194","solace",0,2,2
"5195","solicit",1,1,2
"5196","sounds",1,1,2
"5197","southward",1,1,2
"5198","southwest",0,2,2
"5199","sovereign",1,1,2
"5200","spake",2,0,2
"5201","speaker's",2,0,2
"5202","specifically",1,1,2
"5203","specification",2,0,2
"5204","speculative",2,0,2
"5205","spend",2,0,2
"5206","splendid",1,1,2
"5207","splendidly",2,0,2
"5208","spugg",2,0,2
"5209","square",2,0,2
"5210","squatter",2,0,2
"5211","stable",2,0,2
"5212","stacks",2,0,2
"5213","stamp",2,0,2
"5214","stamped",1,1,2
"5215","stanford",2,0,2
"5216","stapp",2,0,2
"5217","starting",0,2,2
"5218","starving",2,0,2
"5219","stations",0,2,2
"5220","statutes",2,0,2
"5221","staying",1,1,2
"5222","stealing",2,0,2
"5223","steamboats",2,0,2
"5224","steamers",0,2,2
"5225","stephen",2,0,2
"5226","sticks",2,0,2
"5227","stipulate",1,1,2
"5228","store",1,1,2
"5229","storm",2,0,2
"5230","stoutly",2,0,2
"5231","stranger",2,0,2
"5232","strategy",0,2,2
"5233","stretching",0,2,2
"5234","striking",2,0,2
"5235","strongest",1,1,2
"5236","stuart",2,0,2
"5237","submitting",0,2,2
"5238","subpoena",0,2,2
"5239","subscribe",0,2,2
"5240","subserved",1,1,2
"5241","subtract",0,2,2
"5242","subverted",0,2,2
"5243","successes",1,1,2
"5244","sudden",1,1,2
"5245","sue",2,0,2
"5246","sundry",0,2,2
"5247","supplant",0,2,2
"5248","supplications",0,2,2
"5249","surpass",2,0,2
"5250","surprised",1,1,2
"5251","surrendering",0,2,2
"5252","survivors",1,1,2
"5253","swan",0,2,2
"5254","swear",1,1,2
"5255","sweat",0,2,2
"5256","swell",2,0,2
"5257","swett",1,1,2
"5258","swiftest",2,0,2
"5259","sworn",0,2,2
"5260","talented",2,0,2
"5261","talked",1,1,2
"5262","tall",1,1,2
"5263","tanto",1,1,2
"5264","taxed",2,0,2
"5265","tedious",2,0,2
"5266","teeth",1,1,2
"5267","telegraphing",0,2,2
"5268","tempt",2,0,2
"5269","tempted",1,1,2
"5270","tendencies",2,0,2
"5271","tenths",2,0,2
"5272","termination",1,1,2
"5273","terror",2,0,2
"5274","text",2,0,2
"5275","thankful",0,2,2
"5276","thanking",0,2,2
"5277","thee",2,0,2
"5278","thereabouts",1,1,2
"5279","theretofore",1,1,2
"5280","thereunder",0,2,2
"5281","thief",2,0,2
"5282","thin",2,0,2
"5283","thirds",1,1,2
"5284","thos",1,1,2
"5285","thraldom",2,0,2
"5286","threaten",2,0,2
"5287","throes",2,0,2
"5288","thwarted",0,2,2
"5289","ticket",0,2,2
"5290","timber",0,2,2
"5291","timed",2,0,2
"5292","tod",0,2,2
"5293","todd",2,0,2
"5294","tolerable",2,0,2
"5295","tolerably",2,0,2
"5296","tom",2,0,2
"5297","tongue",2,0,2
"5298","tongues",1,1,2
"5299","tons",0,2,2
"5300","top",1,1,2
"5301","torn",2,0,2
"5302","tortugas",0,2,2
"5303","touched",1,1,2
"5304","tour",0,2,2
"5305","townsend",0,2,2
"5306","traced",2,0,2
"5307","traders",1,1,2
"5308","trading",1,1,2
"5309","training",0,2,2
"5310","tranquillity",2,0,2
"5311","transferred",1,1,2
"5312","transitu",0,2,2
"5313","transmission",2,0,2
"5314","transpiring",0,2,2
"5315","transporting",0,2,2
"5316","transpose",2,0,2
"5317","travel",2,0,2
"5318","tread",2,0,2
"5319","treasonable",1,1,2
"5320","treating",1,1,2
"5321","trembled",2,0,2
"5322","trials",1,1,2
"5323","tribes",0,2,2
"5324","tribunals",1,1,2
"5325","tributaries",1,1,2
"5326","trip",1,1,2
"5327","triple",1,1,2
"5328","troublesome",2,0,2
"5329","troubling",1,1,2
"5330","truesdale",0,2,2
"5331","trusted",1,1,2
"5332","truths",2,0,2
"5333","tying",2,0,2
"5334","unavailing",1,1,2
"5335","unconditional",0,2,2
"5336","unconditionally",2,0,2
"5337","uncontrollable",2,0,2
"5338","undergone",1,1,2
"5339","understandingly",1,1,2
"5340","understands",2,0,2
"5341","undertaken",1,1,2
"5342","undertaking",0,2,2
"5343","undisputed",2,0,2
"5344","undoubtedly",2,0,2
"5345","undying",1,1,2
"5346","uneasy",1,1,2
"5347","unfair",2,0,2
"5348","unforeseen",0,2,2
"5349","ungenerous",2,0,2
"5350","unhappy",1,1,2
"5351","unit",2,0,2
"5352","unnoticed",1,1,2
"5353","unquestioned",1,1,2
"5354","unreasonable",2,0,2
"5355","unrepealed",2,0,2
"5356","unrequited",1,1,2
"5357","unsafe",1,1,2
"5358","unselfish",1,1,2
"5359","unsound",2,0,2
"5360","uphold",0,2,2
"5361","useless",2,0,2
"5362","usurped",0,2,2
"5363","v.b",2,0,2
"5364","vacancies",1,1,2
"5365","valor",0,2,2
"5366","vaunted",2,0,2
"5367","verbally",0,2,2
"5368","verses",2,0,2
"5369","vetoed",2,0,2
"5370","vi",1,1,2
"5371","vicksburg",0,2,2
"5372","viewed",1,1,2
"5373","vigilant",0,2,2
"5374","vii",1,1,2
"5375","violate",1,1,2
"5376","violent",2,0,2
"5377","vitally",2,0,2
"5378","vivid",2,0,2
"5379","wabash",2,0,2
"5380","warehoused",0,2,2
"5381","warmest",2,0,2
"5382","warner",0,2,2
"5383","warning",1,1,2
"5384","waste",1,1,2
"5385","watch",0,2,2
"5386","wayne",2,0,2
"5387","weed",0,2,2
"5388","wellers",0,2,2
"5389","welling",0,2,2
"5390","wentworth",2,0,2
"5391","wharf",1,1,2
"5392","wheedling",2,0,2
"5393","whilst",0,2,2
"5394","whim",2,0,2
"5395","whiting",0,2,2
"5396","whomsoever",0,2,2
"5397","wicked",2,0,2
"5398","widely",2,0,2
"5399","wisely",1,1,2
"5400","wishing",1,1,2
"5401","wives",0,2,2
"5402","wm",2,0,2
"5403","woman",1,1,2
"5404","wounded",1,1,2
"5405","wreck",1,1,2
"5406","wrested",2,0,2
"5407","yankees",2,0,2
"5408","yards",0,2,2
"5409","yielding",2,0,2
"5410","yields",1,1,2
"5411","zachary",2,0,2
"5412","__",1,0,1
"5413","0",0,1,1
"5414","1,000",0,1,1
"5415","1,019,446",0,1,1
"5416","1,1864",0,1,1
"5417","1,298,056,101.89",0,1,1
"5418","1,394,196,007.62",0,1,1
"5419","1,485,103.61",0,1,1
"5420","1,538,614",0,1,1
"5421","1,740,690,489.49",0,1,1
"5422","1.50",1,0,1
"5423","10.15",0,1,1
"5424","10.45",0,1,1
"5425","100,000",0,1,1
"5426","100,000,000",0,1,1
"5427","102,316,152.99",0,1,1
"5428","1022",1,0,1
"5429","1062",1,0,1
"5430","109,741,134.10",0,1,1
"5431","11,163,789.59",0,1,1
"5432","11,314,206.84",0,1,1
"5433","11.00",0,1,1
"5434","11.55",0,1,1
"5435","11.57",0,1,1
"5436","110",1,0,1
"5437","112",1,0,1
"5438","114",1,0,1
"5439","12,438,253.78",0,1,1
"5440","12,586",1,0,1
"5441","12,644,786.20",0,1,1
"5442","12.15",0,1,1
"5443","12.50",0,1,1
"5444","1258",0,1,1
"5445","13,000,000",0,1,1
"5446","1300",1,0,1
"5447","133,000,000",0,1,1
"5448","136,077.95",0,1,1
"5449","1379",0,1,1
"5450","14,000",1,0,1
"5451","14,369,250.51",0,1,1
"5452","1430",0,1,1
"5453","145,551",0,1,1
"5454","15,1864",0,1,1
"5455","150,417.25",0,1,1
"5456","151",1,0,1
"5457","1555",1,0,1
"5458","16,541",1,0,1
"5459","16,770",0,1,1
"5460","1600",0,1,1
"5461","161,911",0,1,1
"5462","164th",0,1,1
"5463","166th",0,1,1
"5464","167",0,1,1
"5465","167,617.17",0,1,1
"5466","17,1864",0,1,1
"5467","1700",1,0,1
"5468","1720",1,0,1
"5469","1774",1,0,1
"5470","1777",1,0,1
"5471","1784",1,0,1
"5472","1794",1,0,1
"5473","1798",1,0,1
"5474","18,697",1,0,1
"5475","1814",1,0,1
"5476","1817",1,0,1
"5477","1818",1,0,1
"5478","1832",1,0,1
"5479","1836",1,0,1
"5480","1837",1,0,1
"5481","1838",0,1,1
"5482","184",1,0,1
"5483","1859",1,0,1
"5484","1863.4",0,1,1
"5485","1864.2",0,1,1
"5486","1865.3.35",0,1,1
"5487","1865.8.30",0,1,1
"5488","1866",1,0,1
"5489","1896",1,0,1
"5490","1900",0,1,1
"5491","2,645,722.19",0,1,1
"5492","2000",1,0,1
"5493","206,532.42",0,1,1
"5494","21,000",1,0,1
"5495","21,1864",0,1,1
"5496","2156",1,0,1
"5497","22,198",0,1,1
"5498","22,767",0,1,1
"5499","23,126",1,0,1
"5500","23,253,922.08",0,1,1
"5501","2366",1,0,1
"5502","238,647,262.35",0,1,1
"5503","2380",1,0,1
"5504","24,729,846.51",0,1,1
"5505","240,000",0,1,1
"5506","248",0,1,1
"5507","25,1864",0,1,1
"5508","25,433",0,1,1
"5509","2500",1,0,1
"5510","252",0,1,1
"5511","2552",1,0,1
"5512","25th",1,0,1
"5513","26,715",1,0,1
"5514","260,000",0,1,1
"5515","27,505,599.46",0,1,1
"5516","271",0,1,1
"5517","274,567",1,0,1
"5518","280,000",0,1,1
"5519","293",1,0,1
"5520","3,046,615.35",0,1,1
"5521","3,841,549",0,1,1
"5522","3,870,222",0,1,1
"5523","3,995,097.31",0,1,1
"5524","30,1848",1,0,1
"5525","30,1864",0,1,1
"5526","3135",1,0,1
"5527","32,679",1,0,1
"5528","324",0,1,1
"5529","33,762",0,1,1
"5530","336",1,0,1
"5531","34,000",0,1,1
"5532","348,874",1,0,1
"5533","350",1,0,1
"5534","37,640,787.95",0,1,1
"5535","384,984",1,0,1
"5536","3864",0,1,1
"5537","3907",1,0,1
"5538","4,015,773",0,1,1
"5539","4,1864",0,1,1
"5540","4,216,520.79",0,1,1
"5541","4,221,342",0,1,1
"5542","4,504,616.92",0,1,1
"5543","4.15",0,1,1
"5544","4.35",0,1,1
"5545","400",0,1,1
"5546","400,000",0,1,1
"5547","405,751",1,0,1
"5548","42,427",0,1,1
"5549","429",1,0,1
"5550","433,643",1,0,1
"5551","44",1,0,1
"5552","440",1,0,1
"5553","4610",0,1,1
"5554","47,511,448.10",0,1,1
"5555","475,648.96",0,1,1
"5556","5,656,705.49",0,1,1
"5557","500",0,1,1
"5558","500,000,000",0,1,1
"5559","51",1,0,1
"5560","51,000",0,1,1
"5561","510,396",0,1,1
"5562","519",1,0,1
"5563","52",1,0,1
"5564","528",1,0,1
"5565","53",0,1,1
"5566","53,685,421.69",0,1,1
"5567","538",1,0,1
"5568","55,094",1,0,1
"5569","56,649",1,0,1
"5570","581,813",1,0,1
"5571","588,333.29",0,1,1
"5572","599,298,600.83",0,1,1
"5573","6.30",0,1,1
"5574","623,443,929.13",0,1,1
"5575","625",1,0,1
"5576","63,211,105.27",0,1,1
"5577","6553",1,0,1
"5578","671",0,1,1
"5579","678,007.21",0,1,1
"5580","69,059,642.40",0,1,1
"5581","690,791,842.97",0,1,1
"5582","7,1849",1,0,1
"5583","7,1865",0,1,1
"5584","7,500",0,1,1
"5585","7,517,930.97",0,1,1
"5586","7000",1,0,1
"5587","712",0,1,1
"5588","714,709,995.58",0,1,1
"5589","720,039,039.79",0,1,1
"5590","7211",1,0,1
"5591","74,179",1,0,1
"5592","76",0,1,1
"5593","7615",1,0,1
"5594","776,682,361.57",0,1,1
"5595","78,000",1,0,1
"5596","79,775",1,0,1
"5597","793",0,1,1
"5598","8.40",0,1,1
"5599","8.45",0,1,1
"5600","85,000",1,0,1
"5601","85,733,292.77",0,1,1
"5602","884,076,646.57",0,1,1
"5603","9.20",0,1,1
"5604","9.45",0,1,1
"5605","96,739,905.73",0,1,1
"5606","abatement",1,0,1
"5607","abed",1,0,1
"5608","abel",1,0,1
"5609","abhors",1,0,1
"5610","abler",0,1,1
"5611","abner",1,0,1
"5612","aboard",0,1,1
"5613","abounds",0,1,1
"5614","abovementioned",1,0,1
"5615","abrogating",0,1,1
"5616","absolve",0,1,1
"5617","absorbs",0,1,1
"5618","abstain",0,1,1
"5619","abstraction",0,1,1
"5620","abstracts",1,0,1
"5621","acceding",1,0,1
"5622","accents",0,1,1
"5623","access",0,1,1
"5624","accessions",1,0,1
"5625","accidentally",1,0,1
"5626","accommodation",1,0,1
"5627","accompaniments",0,1,1
"5628","accompany",1,0,1
"5629","accorded",0,1,1
"5630","accredited",0,1,1
"5631","accrued",1,0,1
"5632","accumulated",1,0,1
"5633","accumulating",1,0,1
"5634","accuracy",0,1,1
"5635","ace",1,0,1
"5636","achieve",0,1,1
"5637","achieved",1,0,1
"5638","acknowledgments",0,1,1
"5639","acquaintances",0,1,1
"5640","acre",1,0,1
"5641","activity",0,1,1
"5642","actor",1,0,1
"5643","actuated",0,1,1
"5644","actuates",1,0,1
"5645","adam",1,0,1
"5646","adapt",0,1,1
"5647","adequately",1,0,1
"5648","adherents",1,0,1
"5649","adheres",1,0,1
"5650","adhesion",0,1,1
"5651","adjourn",1,0,1
"5652","adjourning",1,0,1
"5653","adjudications",0,1,1
"5654","adjusting",0,1,1
"5655","administering",0,1,1
"5656","administrations",1,0,1
"5657","administrative",0,1,1
"5658","admiralty",0,1,1
"5659","admirer",1,0,1
"5660","admirers",1,0,1
"5661","adroitness",1,0,1
"5662","advertised",1,0,1
"5663","advertiser",1,0,1
"5664","advertising",1,0,1
"5665","advisers",0,1,1
"5666","advising",1,0,1
"5667","advocacy",1,0,1
"5668","affection",1,0,1
"5669","affectionate",1,0,1
"5670","affirm",1,0,1
"5671","affirmatives",1,0,1
"5672","affirming",0,1,1
"5673","affirms",1,0,1
"5674","affliction",0,1,1
"5675","afflictions",0,1,1
"5676","affording",0,1,1
"5677","afloat",0,1,1
"5678","aforementioned",0,1,1
"5679","afraid",0,1,1
"5680","aft",1,0,1
"5681","agencies",1,0,1
"5682","ages",0,1,1
"5683","aggravation",1,0,1
"5684","aggresses",1,0,1
"5685","aggression",1,0,1
"5686","aggressor",1,0,1
"5687","agreeably",0,1,1
"5688","aide",0,1,1
"5689","aimed",0,1,1
"5690","aiming",0,1,1
"5691","akin",1,0,1
"5692","alarming",1,0,1
"5693","albans",0,1,1
"5694","albee",0,1,1
"5695","albemarle",0,1,1
"5696","alex",0,1,1
"5697","alienage",0,1,1
"5698","alienating",0,1,1
"5699","aliens",0,1,1
"5700","allayed",1,0,1
"5701","allege",1,0,1
"5702","alleged",1,0,1
"5703","alleghenies",0,1,1
"5704","allowances",0,1,1
"5705","alloy",1,0,1
"5706","allude",1,0,1
"5707","alluding",1,0,1
"5708","almanac",0,1,1
"5709","altercation",0,1,1
"5710","altercations",0,1,1
"5711","altering",1,0,1
"5712","alton",0,1,1
"5713","ambulances",0,1,1
"5714","ameliorated",1,0,1
"5715","amenable",0,1,1
"5716","ames",1,0,1
"5717","amicably",0,1,1
"5718","amid",0,1,1
"5719","amidst",1,0,1
"5720","ammunition",0,1,1
"5721","amplification",1,0,1
"5722","amputated",0,1,1
"5723","amused",1,0,1
"5724","analogy",1,0,1
"5725","analysis",1,0,1
"5726","ancestors",1,0,1
"5727","anchor",1,0,1
"5728","andrews",1,0,1
"5729","anecdote",1,0,1
"5730","anguish",0,1,1
"5731","angular",1,0,1
"5732","animate",0,1,1
"5733","ann",1,0,1
"5734","annals",0,1,1
"5735","annexing",1,0,1
"5736","annihilates",1,0,1
"5737","announcing",0,1,1
"5738","annuity",0,1,1
"5739","annul",0,1,1
"5740","annulling",0,1,1
"5741","annum",1,0,1
"5742","anomalous",0,1,1
"5743","antagonism",1,0,1
"5744","antagonisms",1,0,1
"5745","antagonists",1,0,1
"5746","antecedents",1,0,1
"5747","anticipations",0,1,1
"5748","antietam",0,1,1
"5749","antislavery",0,1,1
"5750","antithesis",1,0,1
"5751","antrim",1,0,1
"5752","apalachicola",0,1,1
"5753","aphorism",1,0,1
"5754","apology",1,0,1
"5755","apostrophized",1,0,1
"5756","apparel",0,1,1
"5757","appealing",0,1,1
"5758","appearances",1,0,1
"5759","appetite",1,0,1
"5760","applauded",1,0,1
"5761","appliance",1,0,1
"5762","applications",1,0,1
"5763","appointment.l",1,0,1
"5764","apportion",1,0,1
"5765","apppointment",1,0,1
"5766","appreciated",0,1,1
"5767","apprehended",0,1,1
"5768","apprehending",0,1,1
"5769","apprehensions",0,1,1
"5770","apprehensive",0,1,1
"5771","approached",0,1,1
"5772","appropriately",1,0,1
"5773","appropriates",1,0,1
"5774","approves",1,0,1
"5775","approximated",1,0,1
"5776","apropos",1,0,1
"5777","aqueduct",0,1,1
"5778","arbitrament",0,1,1
"5779","arbitrary",0,1,1
"5780","arch",1,0,1
"5781","archives",0,1,1
"5782","arduous",0,1,1
"5783","argentine",0,1,1
"5784","arguing",1,0,1
"5785","aristocracy",0,1,1
"5786","arithmetic",0,1,1
"5787","arizona",0,1,1
"5788","armament",0,1,1
"5789","armature",0,1,1
"5790","armesy",0,1,1
"5791","arney",1,0,1
"5792","arnold's",0,1,1
"5793","arrears",1,0,1
"5794","arresting",0,1,1
"5795","arrests",0,1,1
"5796","arriving",1,0,1
"5797","arternoon",1,0,1
"5798","artifice",1,0,1
"5799","artisans",0,1,1
"5800","artist",0,1,1
"5801","ascendant",1,0,1
"5802","ascending",1,0,1
"5803","ascribe",0,1,1
"5804","ashes",1,0,1
"5805","ashmer",0,1,1
"5806","ashmun's",1,0,1
"5807","asiatic",0,1,1
"5808","aspects",0,1,1
"5809","assailants",0,1,1
"5810","asses",1,0,1
"5811","assessments",0,1,1
"5812","assiduous",0,1,1
"5813","assignments",0,1,1
"5814","assistants",1,0,1
"5815","assisted",0,1,1
"5816","assuage",0,1,1
"5817","assumptions",0,1,1
"5818","assurances",0,1,1
"5819","assuring",0,1,1
"5820","astonishingly",1,0,1
"5821","astor",0,1,1
"5822","astounded",1,0,1
"5823","atchison",1,0,1
"5824","athens",1,0,1
"5825","atrocities",1,0,1
"5826","attach",1,0,1
"5827","attaching",1,0,1
"5828","attainable",0,1,1
"5829","attainment",0,1,1
"5830","attendance",0,1,1
"5831","attesting",1,0,1
"5832","attract",0,1,1
"5833","attracted",1,0,1
"5834","attractions",0,1,1
"5835","attractive",1,0,1
"5836","attributed",0,1,1
"5837","attributes",0,1,1
"5838","auditor's",1,0,1
"5839","aught",0,1,1
"5840","augments",1,0,1
"5841","augusta",0,1,1
"5842","augustine",0,1,1
"5843","auspices",0,1,1
"5844","austria",0,1,1
"5845","authentic",1,0,1
"5846","authenticity",0,1,1
"5847","authorizing",1,0,1
"5848","authorship",1,0,1
"5849","autobiography",1,0,1
"5850","avail",0,1,1
"5851","availed",0,1,1
"5852","averaged",1,0,1
"5853","averell",0,1,1
"5854","averted",0,1,1
"5855","aves",0,1,1
"5856","avocations",0,1,1
"5857","avowedly",1,0,1
"5858","avows",1,0,1
"5859","awaiting",0,1,1
"5860","awake",1,0,1
"5861","award",0,1,1
"5862","awe",1,0,1
"5863","ax",1,0,1
"5864","axioms",1,0,1
"5865","babcock",0,1,1
"5866","baby",1,0,1
"5867","bach",0,1,1
"5868","backers",1,0,1
"5869","badge",1,0,1
"5870","baffle",1,0,1
"5871","bag",0,1,1
"5872","bagatelle",1,0,1
"5873","bailhache",1,0,1
"5874","baillie",0,1,1
"5875","baker's",1,0,1
"5876","balances",1,0,1
"5877","baler",0,1,1
"5878","balls",0,1,1
"5879","ban",1,0,1
"5880","banished",0,1,1
"5881","bankrupt",1,0,1
"5882","banks's",0,1,1
"5883","banner",1,0,1
"5884","banning",0,1,1
"5885","banquet",1,0,1
"5886","baptist",1,0,1
"5887","baptized",1,0,1
"5888","barbary",0,1,1
"5889","barbecues",1,0,1
"5890","barge",1,0,1
"5891","barges",1,0,1
"5892","bark",1,0,1
"5893","barnburners",1,0,1
"5894","barren",0,1,1
"5895","barret's",1,0,1
"5896","barricaded",0,1,1
"5897","bartlett",0,1,1
"5898","basing",1,0,1
"5899","bates",0,1,1
"5900","bats",1,0,1
"5901","battling",0,1,1
"5902","bean",1,0,1
"5903","beans",1,0,1
"5904","bearded",1,0,1
"5905","beardless",1,0,1
"5906","beardstown",1,0,1
"5907","bearers",0,1,1
"5908","bearings",0,1,1
"5909","beattie",0,1,1
"5910","beck",1,0,1
"5911","beclouds",1,0,1
"5912","bed",1,0,1
"5913","beer",0,1,1
"5914","befall",1,0,1
"5915","befog",1,0,1
"5916","begetting",1,0,1
"5917","begged",1,0,1
"5918","beguile",0,1,1
"5919","behemoth",1,0,1
"5920","belgians",0,1,1
"5921","believers",0,1,1
"5922","believingly",0,1,1
"5923","belittle",1,0,1
"5924","belligerents",0,1,1
"5925","bells",1,0,1
"5926","ben",0,1,1
"5927","bench",1,0,1
"5928","bends",1,0,1
"5929","beneficially",0,1,1
"5930","benefited",0,1,1
"5931","benighted",1,0,1
"5932","benton",1,0,1
"5933","bering",0,1,1
"5934","berlin",1,0,1
"5935","beset",0,1,1
"5936","bestowed",1,0,1
"5937","betrayed",1,0,1
"5938","betters",1,0,1
"5939","bewailed",0,1,1
"5940","bewildered",1,0,1
"5941","bibles",1,0,1
"5942","bickerings",1,0,1
"5943","bier",1,0,1
"5944","billion",1,0,1
"5945","billows",1,0,1
"5946","biographies",1,0,1
"5947","biography",1,0,1
"5948","birdsall",1,0,1
"5949","birthplace",1,0,1
"5950","birthrights",0,1,1
"5951","bite",1,0,1
"5952","blackletter",1,0,1
"5953","blackwater",0,1,1
"5954","bladder",1,0,1
"5955","blamed",0,1,1
"5956","blasted",0,1,1
"5957","blaze",1,0,1
"5958","bled",1,0,1
"5959","bleed",1,0,1
"5960","blest",1,0,1
"5961","blinds",1,0,1
"5962","blizzard",0,1,1
"5963","block",1,0,1
"5964","blocked",1,0,1
"5965","bloodshed",1,0,1
"5966","blue",1,0,1
"5967","blunders",1,0,1
"5968","blustering",1,0,1
"5969","boards",1,0,1
"5970","boars",1,0,1
"5971","boast",1,0,1
"5972","boasted",1,0,1
"5973","boatmen",1,0,1
"5974","bodies",0,1,1
"5975","boisseau's",0,1,1
"5976","bolder",1,0,1
"5977","bolivar",1,0,1
"5978","bolivia",0,1,1
"5979","bolted",1,0,1
"5980","bolters",1,0,1
"5981","bolting",1,0,1
"5982","bombs",0,1,1
"5983","bond's",1,0,1
"5984","bondsman's",0,1,1
"5985","boon",1,0,1
"5986","boone",1,0,1
"5987","boonville",1,0,1
"5988","boot",1,0,1
"5989","boots",1,0,1
"5990","bordering",0,1,1
"5991","bored",1,0,1
"5992","borrowing",1,0,1
"5993","bosom",0,1,1
"5994","bosoms",1,0,1
"5995","bottoms",1,0,1
"5996","bounteously",1,0,1
"5997","bowie",1,0,1
"5998","box",1,0,1
"5999","boyle's",0,1,1
"6000","brady",1,0,1
"6001","bravely",1,0,1
"6002","brayton",1,0,1
"6003","brazilian",0,1,1
"6004","breaks",1,0,1
"6005","breathless",1,0,1
"6006","bred",1,0,1
"6007","breed",1,0,1
"6008","breeders",1,0,1
"6009","breeding",1,0,1
"6010","breezes",1,0,1
"6011","bribe",1,0,1
"6012","bridles",0,1,1
"6013","briefed",0,1,1
"6014","briefer",1,0,1
"6015","briefest",0,1,1
"6016","brigadier",0,1,1
"6017","brighter",0,1,1
"6018","brightly",1,0,1
"6019","brightness",1,0,1
"6020","brimfield",1,0,1
"6021","bristling",1,0,1
"6022","britannic",0,1,1
"6023","broader",1,0,1
"6024","broadwell",0,1,1
"6025","broils",1,0,1
"6026","brooding",1,0,1
"6027","brooms",1,0,1
"6028","brother's",1,0,1
"6029","brotherhood",1,0,1
"6030","brunswick",0,1,1
"6031","brussels",0,1,1
"6032","brutal",1,0,1
"6033","brute",1,0,1
"6034","buena",1,0,1
"6035","buffaloes",1,0,1
"6036","builder",1,0,1
"6037","bulky",0,1,1
"6038","bulldog",0,1,1
"6039","bullet",1,0,1
"6040","bullion",0,1,1
"6041","bully",1,0,1
"6042","bunker",1,0,1
"6043","buoying",1,0,1
"6044","bureaus",0,1,1
"6045","buren's",1,0,1
"6046","burens",1,0,1
"6047","burkesville",0,1,1
"6048","burkevllle",0,1,1
"6049","burks",0,1,1
"6050","burnt",1,0,1
"6051","bushwhackers",0,1,1
"6052","busy",0,1,1
"6053","butcher's",1,0,1
"6054","butter",1,0,1
"6055","button",0,1,1
"6056","buyer",1,0,1
"6057","buys",1,0,1
"6058","cairo",0,1,1
"6059","calculation",1,0,1
"6060","calculations",1,0,1
"6061","calendar",1,0,1
"6062","cambridge",0,1,1
"6063","cameron",0,1,1
"6064","campaigners",1,0,1
"6065","campbell's",0,1,1
"6066","canadian",0,1,1
"6067","cancel",1,0,1
"6068","cancer",1,0,1
"6069","candidly",1,0,1
"6070","canfield",1,0,1
"6071","cannonade",0,1,1
"6072","canoll",0,1,1
"6073","canonical",1,0,1
"6074","canonized",1,0,1
"6075","canvassed",0,1,1
"6076","canvassing",0,1,1
"6077","capitalists",0,1,1
"6078","capitalization",0,1,1
"6079","capitulation",0,1,1
"6080","caprice",1,0,1
"6081","capricious",0,1,1
"6082","captivating",1,0,1
"6083","captors",1,0,1
"6084","capturing",0,1,1
"6085","cardinal",1,0,1
"6086","cared",1,0,1
"6087","cares",0,1,1
"6088","carl",0,1,1
"6089","carlyle",1,0,1
"6090","carolinian",1,0,1
"6091","carolinians",1,0,1
"6092","carrier",1,0,1
"6093","carter",0,1,1
"6094","cartridge",0,1,1
"6095","cassius",1,0,1
"6096","casting",1,0,1
"6097","casualties",0,1,1
"6098","cat's",1,0,1
"6099","catching",1,0,1
"6100","categorical",0,1,1
"6101","catholics",1,0,1
"6102","catlettsburg",0,1,1
"6103","catspaws",1,0,1
"6104","caught",1,0,1
"6105","causelessly",1,0,1
"6106","caviling",0,1,1
"6107","cavils",0,1,1
"6108","ceaselessly",1,0,1
"6109","cede",1,0,1
"6110","ceding",1,0,1
"6111","celebration",1,0,1
"6112","cemetery",0,1,1
"6113","censurable",1,0,1
"6114","censure",1,0,1
"6115","censured",0,1,1
"6116","centralia",0,1,1
"6117","cerro",1,0,1
"6118","certify",1,0,1
"6119","certiorari",1,0,1
"6120","cf",0,1,1
"6121","ch'n",1,0,1
"6122","chained",1,0,1
"6123","challenging",1,0,1
"6124","changeless",1,0,1
"6125","chaparral",1,0,1
"6126","chapin's",0,1,1
"6127","chaplain",0,1,1
"6128","characteristic",0,1,1
"6129","characterize",0,1,1
"6130","characterizes",0,1,1
"6131","charging",1,0,1
"6132","charms",1,0,1
"6133","charred",0,1,1
"6134","chartering",1,0,1
"6135","chattahoochee",0,1,1
"6136","cheapest",1,0,1
"6137","cheaply",1,0,1
"6138","cheatham",0,1,1
"6139","cheats",1,0,1
"6140","cheered",0,1,1
"6141","cheerful",0,1,1
"6142","cheering",0,1,1
"6143","cheese",1,0,1
"6144","cherishing",1,0,1
"6145","cherrystone",0,1,1
"6146","chester",0,1,1
"6147","chestnuts",1,0,1
"6148","chickahominy",0,1,1
"6149","chickens",1,0,1
"6150","chiefest",0,1,1
"6151","childhood",1,0,1
"6152","children's",0,1,1
"6153","chilean",0,1,1
"6154","chill",1,0,1
"6155","chimneys",1,0,1
"6156","choate",1,0,1
"6157","choate's",1,0,1
"6158","choke",0,1,1
"6159","cholera",1,0,1
"6160","chords",1,0,1
"6161","chose",0,1,1
"6162","chris",1,0,1
"6163","christians",1,0,1
"6164","chronologic",0,1,1
"6165","churchill",0,1,1
"6166","cinnabar",0,1,1
"6167","circular",1,0,1
"6168","circulate",1,0,1
"6169","cite",0,1,1
"6170","cited",1,0,1
"6171","citizenship",0,1,1
"6172","civic",0,1,1
"6173","clair",1,0,1
"6174","clark",1,0,1
"6175","clause",1,0,1
"6176","claws",1,0,1
"6177","claybrook",0,1,1
"6178","clean",1,0,1
"6179","clearance",0,1,1
"6180","clearing",0,1,1
"6181","cleaver",1,0,1
"6182","clergyman",1,0,1
"6183","clerical",0,1,1
"6184","cleveland",1,0,1
"6185","clever",1,0,1
"6186","client's",1,0,1
"6187","clift",1,0,1
"6188","climax",1,0,1
"6189","clime",1,0,1
"6190","cling",1,0,1
"6191","clings",1,0,1
"6192","clinton",1,0,1
"6193","closer",0,1,1
"6194","closes",1,0,1
"6195","cloth",0,1,1
"6196","clothed",0,1,1
"6197","clothes",0,1,1
"6198","clouds",0,1,1
"6199","club",1,0,1
"6200","clung",1,0,1
"6201","coachman",0,1,1
"6202","coarseness",1,0,1
"6203","coaxing",0,1,1
"6204","cobb",0,1,1
"6205","cobbled",0,1,1
"6206","cock",1,0,1
"6207","cockade",1,0,1
"6208","codding",1,0,1
"6209","coercing",1,0,1
"6210","coercion",0,1,1
"6211","coffee",1,0,1
"6212","coinciding",1,0,1
"6213","collamer",1,0,1
"6214","collaterally",0,1,1
"6215","collaterals",0,1,1
"6216","collectively",1,0,1
"6217","colleges",0,1,1
"6218","collingsworth",1,0,1
"6219","collins",0,1,1
"6220","collisions",1,0,1
"6221","colorado",0,1,1
"6222","combining",1,0,1
"6223","cometh",0,1,1
"6224","comforted",1,0,1
"6225","comforts",1,0,1
"6226","commandant",0,1,1
"6227","commandants",0,1,1
"6228","commemorate",1,0,1
"6229","commendations",0,1,1
"6230","commending",0,1,1
"6231","commensurate",0,1,1
"6232","commiserating",0,1,1
"6233","commissary",0,1,1
"6234","commissioned",0,1,1
"6235","committal",0,1,1
"6236","committing",0,1,1
"6237","commonly",1,0,1
"6238","commotions",1,0,1
"6239","commuted",0,1,1
"6240","companions",1,0,1
"6241","compare",1,0,1
"6242","compass",1,0,1
"6243","compassion",0,1,1
"6244","competency",0,1,1
"6245","competition",1,0,1
"6246","competitor",1,0,1
"6247","compiler",1,0,1
"6248","complainant",1,0,1
"6249","complainingly",1,0,1
"6250","complains",0,1,1
"6251","complex",0,1,1
"6252","complicity",0,1,1
"6253","complimentary",0,1,1
"6254","complimented",1,0,1
"6255","compliments",0,1,1
"6256","comport",0,1,1
"6257","composing",1,0,1
"6258","compound",1,0,1
"6259","compounded",0,1,1
"6260","comprehension",1,0,1
"6261","comprehensive",0,1,1
"6262","comprising",1,0,1
"6263","compulsion",1,0,1
"6264","compulsory",0,1,1
"6265","comrades",0,1,1
"6266","con",1,0,1
"6267","conceal",0,1,1
"6268","conceals",1,0,1
"6269","conceded",1,0,1
"6270","conceding",1,0,1
"6271","conceiving",1,0,1
"6272","concentrate",0,1,1
"6273","concentrated",1,0,1
"6274","conception",1,0,1
"6275","concert",0,1,1
"6276","concessions",1,0,1
"6277","conciliate",0,1,1
"6278","conciliated",0,1,1
"6279","conciliatory",0,1,1
"6280","concisely",1,0,1
"6281","concluding",0,1,1
"6282","concrete",1,0,1
"6283","concretely",1,0,1
"6284","concubinage",1,0,1
"6285","concurrent",0,1,1
"6286","condemns",0,1,1
"6287","condensed",1,0,1
"6288","conditional",0,1,1
"6289","condolence",1,0,1
"6290","conduces",0,1,1
"6291","confederates",0,1,1
"6292","conferences",0,1,1
"6293","conferring",1,0,1
"6294","confessed",1,0,1
"6295","confessions",0,1,1
"6296","confide",1,0,1
"6297","confine",1,0,1
"6298","confiscate",1,0,1
"6299","confiscated",0,1,1
"6300","conflicts",0,1,1
"6301","conformed",0,1,1
"6302","confront",0,1,1
"6303","confuse",0,1,1
"6304","confused",1,0,1
"6305","congratulations",0,1,1
"6306","congregation",0,1,1
"6307","conley",0,1,1
"6308","connecting",0,1,1
"6309","connivance",0,1,1
"6310","connor",0,1,1
"6311","conscientious",0,1,1
"6312","conscription",0,1,1
"6313","consecrate",0,1,1
"6314","consecration",0,1,1
"6315","consenting",1,0,1
"6316","considerations",1,0,1
"6317","consign",1,0,1
"6318","consisted",0,1,1
"6319","conspicuous",1,0,1
"6320","conspiracy",1,0,1
"6321","constituencies",1,0,1
"6322","constituent",1,0,1
"6323","constituting",0,1,1
"6324","constrain",0,1,1
"6325","constraints",0,1,1
"6326","constructed",0,1,1
"6327","constructs",1,0,1
"6328","construing",1,0,1
"6329","consulates",0,1,1
"6330","consult",0,1,1
"6331","consultations",0,1,1
"6332","consumptive",1,0,1
"6333","contemplate",0,1,1
"6334","contemplates",0,1,1
"6335","contemporaneous",1,0,1
"6336","contemporary",0,1,1
"6337","conterminous",0,1,1
"6338","context",1,0,1
"6339","continental",1,0,1
"6340","contingencies",0,1,1
"6341","contingency",1,0,1
"6342","continual",1,0,1
"6343","continuance",1,0,1
"6344","continuation",0,1,1
"6345","contra",0,1,1
"6346","contracting",1,0,1
"6347","contradictions",1,0,1
"6348","contrast",1,0,1
"6349","contravene",0,1,1
"6350","contribution",0,1,1
"6351","controller",1,0,1
"6352","controversies",0,1,1
"6353","convening",0,1,1
"6354","conventional",0,1,1
"6355","conversions",0,1,1
"6356","converts",1,0,1
"6357","conveyed",0,1,1
"6358","conveying",0,1,1
"6359","conveys",1,0,1
"6360","convicting",1,0,1
"6361","convictions",1,0,1
"6362","convincing",1,0,1
"6363","convulsion",0,1,1
"6364","convulsions",1,0,1
"6365","cooler",1,0,1
"6366","coolly",1,0,1
"6367","cooper",0,1,1
"6368","cooperating",1,0,1
"6369","coordinate",1,0,1
"6370","copied",1,0,1
"6371","corby",0,1,1
"6372","cord",0,1,1
"6373","cordage",0,1,1
"6374","cordon",1,0,1
"6375","corinth",0,1,1
"6376","corner",1,0,1
"6377","corporal",1,0,1
"6378","correcting",0,1,1
"6379","correctness",1,0,1
"6380","corresponded",0,1,1
"6381","correspondent",1,0,1
"6382","correspondents",1,0,1
"6383","corroboration",1,0,1
"6384","corse",0,1,1
"6385","cos",0,1,1
"6386","costly",0,1,1
"6387","council",1,0,1
"6388","countenancing",1,0,1
"6389","counterfeit",1,0,1
"6390","countermanded",0,1,1
"6391","countersigned",0,1,1
"6392","couple",0,1,1
"6393","coupled",1,0,1
"6394","courier",1,0,1
"6395","courteously",0,1,1
"6396","courtesy",1,0,1
"6397","covers",0,1,1
"6398","cowardly",1,0,1
"6399","crack",1,0,1
"6400","cradle",1,0,1
"6401","crafty",1,0,1
"6402","cranberry",1,0,1
"6403","crawford",1,0,1
"6404","crawled",1,0,1
"6405","crawling",1,0,1
"6406","crawls",1,0,1
"6407","creating",0,1,1
"6408","credentials",0,1,1
"6409","credible",1,0,1
"6410","creditors",0,1,1
"6411","creek",1,0,1
"6412","creep",1,0,1
"6413","crept",0,1,1
"6414","crises",1,0,1
"6415","criticized",0,1,1
"6416","criticizing",1,0,1
"6417","crittenden",1,0,1
"6418","crook",0,1,1
"6419","crossed",1,0,1
"6420","crosses",1,0,1
"6421","crossing",0,1,1
"6422","crowded",1,0,1
"6423","crucify",1,0,1
"6424","cruelly",1,0,1
"6425","cruelty",0,1,1
"6426","cruising",0,1,1
"6427","crushed",0,1,1
"6428","crushes",1,0,1
"6429","cruz",1,0,1
"6430","crying",1,0,1
"6431","cultivating",1,0,1
"6432","cup",0,1,1
"6433","curiosities",1,0,1
"6434","curious",1,0,1
"6435","curse",1,0,1
"6436","curve",1,0,1
"6437","custis",0,1,1
"6438","dabbling",1,0,1
"6439","dabney's",0,1,1
"6440","dakota",0,1,1
"6441","dalliance",1,0,1
"6442","dally",1,0,1
"6443","damned",0,1,1
"6444","damning",1,0,1
"6445","dan",0,1,1
"6446","danforth",0,1,1
"6447","dared",1,0,1
"6448","darien",0,1,1
"6449","data",0,1,1
"6450","daughter",1,0,1
"6451","dawson",0,1,1
"6452","dayton's",1,0,1
"6453","deacon",0,1,1
"6454","dealer's",1,0,1
"6455","deals",1,0,1
"6456","dearer",1,0,1
"6457","debare",0,1,1
"6458","debate",1,0,1
"6459","debated",0,1,1
"6460","debater",1,0,1
"6461","debauches",1,0,1
"6462","debtors",0,1,1
"6463","decatur",1,0,1
"6464","deceitful",1,0,1
"6465","decency",1,0,1
"6466","decent",1,0,1
"6467","decisive",0,1,1
"6468","decisively",1,0,1
"6469","declining",1,0,1
"6470","decrease",0,1,1
"6471","deduce",1,0,1
"6472","deduct",0,1,1
"6473","deducting",0,1,1
"6474","deduction",1,0,1
"6475","deeemd",0,1,1
"6476","deeming",0,1,1
"6477","deepening",1,0,1
"6478","defaulters",1,0,1
"6479","defective",1,0,1
"6480","defects",1,0,1
"6481","defended",1,0,1
"6482","defer",1,0,1
"6483","deferred",0,1,1
"6484","deferring",1,0,1
"6485","deficiencies",0,1,1
"6486","definitive",0,1,1
"6487","degeneracy",1,0,1
"6488","degradation",1,0,1
"6489","degraded",1,0,1
"6490","del",1,0,1
"6491","delafield",0,1,1
"6492","delays",1,0,1
"6493","deliberations",0,1,1
"6494","delighted",1,0,1
"6495","demanding",1,0,1
"6496","demerit",1,0,1
"6497","demon",1,0,1
"6498","demonstrate",1,0,1
"6499","demonstrates",1,0,1
"6500","demonstration",0,1,1
"6501","demoralization",1,0,1
"6502","demur",1,0,1
"6503","demurrer",1,0,1
"6504","denmark",0,1,1
"6505","dennison",0,1,1
"6506","denomination",1,0,1
"6507","denounced",0,1,1
"6508","densely",1,0,1
"6509","denunciation",1,0,1
"6510","denunciations",1,0,1
"6511","dependence",1,0,1
"6512","depending",1,0,1
"6513","deplorable",1,0,1
"6514","deplored",1,0,1
"6515","depopulating",0,1,1
"6516","deposit",1,0,1
"6517","depositions",1,0,1
"6518","depots",0,1,1
"6519","depredations",0,1,1
"6520","depression",0,1,1
"6521","deprives",1,0,1
"6522","depth",1,0,1
"6523","depths",1,0,1
"6524","deranged",0,1,1
"6525","deriving",1,0,1
"6526","derogation",0,1,1
"6527","describes",0,1,1
"6528","description",0,1,1
"6529","deserts",0,1,1
"6530","deserving",0,1,1
"6531","desideratum",1,0,1
"6532","designate",0,1,1
"6533","designing",1,0,1
"6534","desirous",1,0,1
"6535","despair",1,0,1
"6536","despairing",1,0,1
"6537","despatched",1,0,1
"6538","destinies",0,1,1
"6539","destiny",1,0,1
"6540","destitution",0,1,1
"6541","destroyer",0,1,1
"6542","destroys",1,0,1
"6543","detach",0,1,1
"6544","detaching",0,1,1
"6545","detachments",0,1,1
"6546","detected",0,1,1
"6547","detection",1,0,1
"6548","detestable",1,0,1
"6549","detested",1,0,1
"6550","detract",0,1,1
"6551","detraction",1,0,1
"6552","develop",0,1,1
"6553","developed",0,1,1
"6554","deviate",0,1,1
"6555","deviation",0,1,1
"6556","devil",1,0,1
"6557","devin's",0,1,1
"6558","devise",0,1,1
"6559","devised",0,1,1
"6560","devising",1,0,1
"6561","devolves",0,1,1
"6562","devotes",1,0,1
"6563","devotional",0,1,1
"6564","devout",0,1,1
"6565","dewdrops",1,0,1
"6566","dick's",0,1,1
"6567","dickhut",1,0,1
"6568","diffuse",1,0,1
"6569","diffusion",1,0,1
"6570","dignity",0,1,1
"6571","digress",1,0,1
"6572","diligence",1,0,1
"6573","diligent",0,1,1
"6574","diminishing",1,0,1
"6575","directing",1,0,1
"6576","directness",0,1,1
"6577","dirty",1,0,1
"6578","disabilities",0,1,1
"6579","disabled",0,1,1
"6580","disabling",0,1,1
"6581","disadvantage",1,0,1
"6582","disadvantages",0,1,1
"6583","disaffected",0,1,1
"6584","disagreed",1,0,1
"6585","disagreement",1,0,1
"6586","disappearance",0,1,1
"6587","disappearing",0,1,1
"6588","disappoint",0,1,1
"6589","disarming",0,1,1
"6590","disavowed",0,1,1
"6591","disbandment",0,1,1
"6592","disburse",1,0,1
"6593","disbursed",0,1,1
"6594","disbursing",1,0,1
"6595","discharging",0,1,1
"6596","discipline",0,1,1
"6597","disciplined",1,0,1
"6598","disclaimed",1,0,1
"6599","discloses",0,1,1
"6600","discomfort",1,0,1
"6601","disconnected",1,0,1
"6602","discontinuance",0,1,1
"6603","discontinue",1,0,1
"6604","discontinuing",1,0,1
"6605","discordant",0,1,1
"6606","discourse",1,0,1
"6607","discreditable",1,0,1
"6608","discreet",0,1,1
"6609","discreetly",1,0,1
"6610","discrepancy",1,0,1
"6611","discrimination",1,0,1
"6612","disenthralled",0,1,1
"6613","disfavor",1,0,1
"6614","disgrace",1,0,1
"6615","dishonor",0,1,1
"6616","dishonored",1,0,1
"6617","disinterested",1,0,1
"6618","disinterestedly",1,0,1
"6619","dismal",1,0,1
"6620","dismissed",1,0,1
"6621","disobedience",0,1,1
"6622","disobeyed",0,1,1
"6623","disorders",0,1,1
"6624","disorganize",0,1,1
"6625","disorganized",0,1,1
"6626","disparagement",1,0,1
"6627","dispel",0,1,1
"6628","dispense",1,0,1
"6629","displace",1,0,1
"6630","displaced",1,0,1
"6631","displacement",1,0,1
"6632","disposal",0,1,1
"6633","dispose",0,1,1
"6634","disposer",0,1,1
"6635","disposes",0,1,1
"6636","disproved",1,0,1
"6637","disquiet",0,1,1
"6638","disrespect",1,0,1
"6639","disrespectful",1,0,1
"6640","dissatisfy",1,0,1
"6641","dissensions",1,0,1
"6642","dissent",1,0,1
"6643","distinctions",1,0,1
"6644","distinguish",1,0,1
"6645","distinguishing",1,0,1
"6646","distressed",1,0,1
"6647","distributions",1,0,1
"6648","ditches",1,0,1
"6649","diversity",0,1,1
"6650","diverting",1,0,1
"6651","divest",1,0,1
"6652","dividend",1,0,1
"6653","doff",1,0,1
"6654","dogmas",1,0,1
"6655","dogmatically",1,0,1
"6656","dogs",1,0,1
"6657","domains",1,0,1
"6658","domicile",0,1,1
"6659","dominating",1,0,1
"6660","dominion",1,0,1
"6661","donation",1,0,1
"6662","doniphan",1,0,1
"6663","doorkeeper",1,0,1
"6664","dost",1,0,1
"6665","doubly",0,1,1
"6666","doubted",1,0,1
"6667","dovetailing",1,0,1
"6668","downward",1,0,1
"6669","dowry",1,0,1
"6670","drafting",0,1,1
"6671","dragging",1,0,1
"6672","dragoon",1,0,1
"6673","drawback",0,1,1
"6674","drawbacks",0,1,1
"6675","dreads",1,0,1
"6676","dream",1,0,1
"6677","dreamed",1,0,1
"6678","drear",1,0,1
"6679","dress",1,0,1
"6680","dresser",1,0,1
"6681","drill",1,0,1
"6682","drink",1,0,1
"6683","drinks",0,1,1
"6684","drives",0,1,1
"6685","dropping",0,1,1
"6686","drowning",1,0,1
"6687","drumming",1,0,1
"6688","drunken",1,0,1
"6689","duffle",0,1,1
"6690","dug",1,0,1
"6691","dummer",1,0,1
"6692","dunce",1,0,1
"6693","dunell",1,0,1
"6694","dungeon",1,0,1
"6695","duplicate",1,0,1
"6696","durability",0,1,1
"6697","durley",1,0,1
"6698","dutch",0,1,1
"6699","dwarf",1,0,1
"6700","dwindled",0,1,1
"6701","dynasties",1,0,1
"6702","eagerness",1,0,1
"6703","eagle",1,0,1
"6704","earned",0,1,1
"6705","earnestness",0,1,1
"6706","earns",1,0,1
"6707","earthly",1,0,1
"6708","eating",1,0,1
"6709","eaton",0,1,1
"6710","eats",1,0,1
"6711","eccentricities",1,0,1
"6712","echo",1,0,1
"6713","eckert's",0,1,1
"6714","economical",0,1,1
"6715","economy",0,1,1
"6716","ecuador",0,1,1
"6717","ed",0,1,1
"6718","eddies",1,0,1
"6719","edenton",0,1,1
"6720","edmund",1,0,1
"6721","efface",1,0,1
"6722","effectual",0,1,1
"6723","efficacy",1,0,1
"6724","egregious",1,0,1
"6725","egyptian",1,0,1
"6726","eightieth",0,1,1
"6727","elevated",0,1,1
"6728","elevating",1,0,1
"6729","elicit",0,1,1
"6730","eliza",0,1,1
"6731","elizabeth",0,1,1
"6732","ellis",1,0,1
"6733","emanate",0,1,1
"6734","emancipating",1,0,1
"6735","emancipationist",0,1,1
"6736","embankments",1,0,1
"6737","embarrassing",1,0,1
"6738","embellishment",1,0,1
"6739","embers",1,0,1
"6740","embezzlement",1,0,1
"6741","embitter",1,0,1
"6742","emblems",1,0,1
"6743","embolden",1,0,1
"6744","embroil",0,1,1
"6745","emerson",0,1,1
"6746","emery",1,0,1
"6747","emigrate",0,1,1
"6748","emigrated",1,0,1
"6749","emigrating",1,0,1
"6750","emily",0,1,1
"6751","eminence",1,0,1
"6752","emissaries",0,1,1
"6753","emoluments",0,1,1
"6754","emotions",0,1,1
"6755","emphasis",0,1,1
"6756","emphatically",1,0,1
"6757","employees",0,1,1
"6758","empowering",0,1,1
"6759","en",1,0,1
"6760","enact",0,1,1
"6761","enactments",0,1,1
"6762","enchanted",1,0,1
"6763","enchanter",1,0,1
"6764","encircling",0,1,1
"6765","enclosing",0,1,1
"6766","encumbered",0,1,1
"6767","endanger",0,1,1
"6768","endearing",1,0,1
"6769","endeavor",0,1,1
"6770","endless",1,0,1
"6771","endorsement",0,1,1
"6772","endowed",1,0,1
"6773","endowment",1,0,1
"6774","endurance",0,1,1
"6775","enduringly",1,0,1
"6776","enforce",1,0,1
"6777","enforcing",1,0,1
"6778","engagements",1,0,1
"6779","engaging",1,0,1
"6780","engineer",0,1,1
"6781","engrosses",0,1,1
"6782","enhancement",1,0,1
"6783","enjoyment",1,0,1
"6784","enlargement",0,1,1
"6785","enlists",0,1,1
"6786","enormity",1,0,1
"6787","enormous",1,0,1
"6788","enos",1,0,1
"6789","enquirer",1,0,1
"6790","enquirer's",1,0,1
"6791","enslaving",1,0,1
"6792","ensue",0,1,1
"6793","entanglement",0,1,1
"6794","entangling",0,1,1
"6795","enters",1,0,1
"6796","entertaining",1,0,1
"6797","entrance",0,1,1
"6798","entranced",1,0,1
"6799","entrapped",1,0,1
"6800","entrapping",1,0,1
"6801","entrenched",1,0,1
"6802","enumeration",1,0,1
"6803","envelope",1,0,1
"6804","enveloped",0,1,1
"6805","enveloping",0,1,1
"6806","episcopal",0,1,1
"6807","equaled",0,1,1
"6808","equalize",0,1,1
"6809","equalized",1,0,1
"6810","equalizes",0,1,1
"6811","equalled",1,0,1
"6812","equalling",1,0,1
"6813","equipped",0,1,1
"6814","equitably",0,1,1
"6815","eradicated",1,0,1
"6816","eradicating",1,0,1
"6817","erie",0,1,1
"6818","err",1,0,1
"6819","escaped",0,1,1
"6820","escaping",1,0,1
"6821","eschewed",1,0,1
"6822","especial",1,0,1
"6823","espouse",1,0,1
"6824","estate",1,0,1
"6825","esteeming",0,1,1
"6826","estimable",0,1,1
"6827","estimates",0,1,1
"6828","estoppe",0,1,1
"6829","eternally",1,0,1
"6830","eternity",0,1,1
"6831","etheridge",0,1,1
"6832","eulogize",1,0,1
"6833","eulogized",1,0,1
"6834","evacuated",0,1,1
"6835","evacuation",0,1,1
"6836","evades",1,0,1
"6837","evading",0,1,1
"6838","evanescent",1,0,1
"6839","evasion",1,0,1
"6840","evasively",1,0,1
"6841","evenings",1,0,1
"6842","eventful",1,0,1
"6843","eventual",0,1,1
"6844","everett",0,1,1
"6845","evidently",1,0,1
"6846","evils",0,1,1
"6847","evince",0,1,1
"6848","ewards",1,0,1
"6849","exaggerate",0,1,1
"6850","examinations",0,1,1
"6851","examining",1,0,1
"6852","examples",1,0,1
"6853","exceeded",0,1,1
"6854","excellence",1,0,1
"6855","exceptionally",0,1,1
"6856","exchanges",0,1,1
"6857","excite",1,0,1
"6858","exclaimed",1,0,1
"6859","excluded",0,1,1
"6860","excused",0,1,1
"6861","excuses",1,0,1
"6862","execrable",1,0,1
"6863","execration",1,0,1
"6864","executing",1,0,1
"6865","executives",0,1,1
"6866","exempted",0,1,1
"6867","exempts",0,1,1
"6868","exerted",1,0,1
"6869","exertions",0,1,1
"6870","exhibition",0,1,1
"6871","exigencies",0,1,1
"6872","exigency",1,0,1
"6873","exorbitant",1,0,1
"6874","exorcised",1,0,1
"6875","expansible",1,0,1
"6876","expansive",1,0,1
"6877","expatriation",1,0,1
"6878","expeditions",0,1,1
"6879","expeditious",0,1,1
"6880","expend",1,0,1
"6881","expending",1,0,1
"6882","experiments",1,0,1
"6883","expiring",0,1,1
"6884","explained",1,0,1
"6885","explanations",0,1,1
"6886","exposed",0,1,1
"6887","exposition",0,1,1
"6888","expound",1,0,1
"6889","expressive",1,0,1
"6890","exquisite",1,0,1
"6891","extant",1,0,1
"6892","extensions",1,0,1
"6893","extenso",0,1,1
"6894","extermination",1,0,1
"6895","external",0,1,1
"6896","extinguish",1,0,1
"6897","extinguishing",0,1,1
"6898","extinguishment",0,1,1
"6899","extort",0,1,1
"6900","extracted",1,0,1
"6901","extravagance",1,0,1
"6902","extrinsic",0,1,1
"6903","ezra",0,1,1
"6904","faced",1,0,1
"6905","facilitate",0,1,1
"6906","facilitated",0,1,1
"6907","facilitating",0,1,1
"6908","facing",0,1,1
"6909","factions",1,0,1
"6910","facto",0,1,1
"6911","faculties",1,0,1
"6912","faded",1,0,1
"6913","failing",1,0,1
"6914","failures",1,0,1
"6915","fainted",1,0,1
"6916","fairbairns",0,1,1
"6917","fairest",1,0,1
"6918","fallacy",1,0,1
"6919","falling",1,0,1
"6920","farce",1,0,1
"6921","fare",1,0,1
"6922","farewell",1,0,1
"6923","farms",0,1,1
"6924","farthest",1,0,1
"6925","fashioned",1,0,1
"6926","faster",1,0,1
"6927","fasting",0,1,1
"6928","fatherland",1,0,1
"6929","faultfinders",1,0,1
"6930","favored",0,1,1
"6931","favorers",0,1,1
"6932","favorite",1,0,1
"6933","fearless",1,0,1
"6934","federalism",1,0,1
"6935","felicitates",1,0,1
"6936","fences",1,0,1
"6937","ferried",1,0,1
"6938","fervent",0,1,1
"6939","fervently",0,1,1
"6940","fessenden",0,1,1
"6941","feud",1,0,1
"6942","fever",1,0,1
"6943","fewer",1,0,1
"6944","fewest",1,0,1
"6945","fiend",1,0,1
"6946","fiercely",1,0,1
"6947","fierceness",1,0,1
"6948","fiercer",1,0,1
"6949","files",0,1,1
"6950","filisola",1,0,1
"6951","finality",1,0,1
"6952","finely",0,1,1
"6953","finest",1,0,1
"6954","fingal",0,1,1
"6955","finger",1,0,1
"6956","fingers",1,0,1
"6957","firearms",0,1,1
"6958","firebell",1,0,1
"6959","fired",0,1,1
"6960","fisher",0,1,1
"6961","fishermen",0,1,1
"6962","fisk's",0,1,1
"6963","fitness",1,0,1
"6964","fitzgibbon",0,1,1
"6965","fitzpatrick",1,0,1
"6966","flank",0,1,1
"6967","flanking",1,0,1
"6968","flash",1,0,1
"6969","flashes",0,1,1
"6970","flat",1,0,1
"6971","flatboat",1,0,1
"6972","flattered",0,1,1
"6973","flatters",1,0,1
"6974","flattery",0,1,1
"6975","flee",1,0,1
"6976","flies",1,0,1
"6977","fling",0,1,1
"6978","floating",1,0,1
"6979","floods",1,0,1
"6980","flowing",0,1,1
"6981","fluctuating",1,0,1
"6982","flumerous",1,0,1
"6983","flushed",1,0,1
"6984","flutter",1,0,1
"6985","foe",0,1,1
"6986","foil",1,0,1
"6987","fold",1,0,1
"6988","follower",1,0,1
"6989","fondly",0,1,1
"6990","fool",1,0,1
"6991","foolery",1,0,1
"6992","foolish",1,0,1
"6993","foolscap",0,1,1
"6994","foothold",1,0,1
"6995","footholds",0,1,1
"6996","forages",0,1,1
"6997","forbearing",1,0,1
"6998","forbids",1,0,1
"6999","foreclosure",1,0,1
"7000","forego",0,1,1
"7001","foreigner",0,1,1
"7002","foremost",1,0,1
"7003","forenoon",0,1,1
"7004","foresaw",1,0,1
"7005","forestall",1,0,1
"7006","forgery",0,1,1
"7007","forgiveness",0,1,1
"7008","formation",0,1,1
"7009","formidable",0,1,1
"7010","fortieth",0,1,1
"7011","fortifications",0,1,1
"7012","fortify",1,0,1
"7013","fortitude",0,1,1
"7014","fortnight",0,1,1
"7015","fortune",0,1,1
"7016","forwarding",1,0,1
"7017","foundations",1,0,1
"7018","founder",1,0,1
"7019","fourteenths",1,0,1
"7020","fraction",1,0,1
"7021","fragrance",1,0,1
"7022","framework",0,1,1
"7023","franking",1,0,1
"7024","frankly",0,1,1
"7025","fraternity",0,1,1
"7026","frauds",0,1,1
"7027","fraught",0,1,1
"7028","frederick",0,1,1
"7029","freedmen's",0,1,1
"7030","freeing",1,0,1
"7031","freezes",1,0,1
"7032","fresher",1,0,1
"7033","friendships",1,0,1
"7034","frightened",1,0,1
"7035","frightening",1,0,1
"7036","fritter",1,0,1
"7037","frittered",1,0,1
"7038","fruitless",0,1,1
"7039","frustrate",0,1,1
"7040","fulfillment",0,1,1
"7041","fullest",0,1,1
"7042","fullness",0,1,1
"7043","functionary",1,0,1
"7044","funeral",1,0,1
"7045","furious",0,1,1
"7046","furniture",0,1,1
"7047","futile",1,0,1
"7048","ga",0,1,1
"7049","gag",1,0,1
"7050","galveston",0,1,1
"7051","garden",1,0,1
"7052","garrisoned",0,1,1
"7053","garrisons",0,1,1
"7054","gathered",0,1,1
"7055","gathering",0,1,1
"7056","gathers",1,0,1
"7057","gaze",1,0,1
"7058","geary's",0,1,1
"7059","gen'l",1,0,1
"7060","generalities",1,0,1
"7061","generalships",0,1,1
"7062","generosity",1,0,1
"7063","gentiles",1,0,1
"7064","gentleman's",1,0,1
"7065","gentlemanly",1,0,1
"7066","genuineness",1,0,1
"7067","genus",1,0,1
"7068","germ",1,0,1
"7069","germans",1,0,1
"7070","ghost",1,0,1
"7071","giant",1,0,1
"7072","giddings",1,0,1
"7073","gigantic",0,1,1
"7074","gilimore's",0,1,1
"7075","girls",1,0,1
"7076","git",1,0,1
"7077","giveth",0,1,1
"7078","gladden",0,1,1
"7079","glaring",1,0,1
"7080","glimpse",1,0,1
"7081","glimpses",1,0,1
"7082","glittering",1,0,1
"7083","gloom",1,0,1
"7084","gloomy",1,0,1
"7085","gloriously",0,1,1
"7086","goff",0,1,1
"7087","golly",1,0,1
"7088","goodly",1,0,1
"7089","gordo",1,0,1
"7090","gorin",1,0,1
"7091","gospel",0,1,1
"7092","gov'r",1,0,1
"7093","government's",0,1,1
"7094","grabbed",1,0,1
"7095","graduated",0,1,1
"7096","grain",1,0,1
"7097","granger",0,1,1
"7098","grapple",1,0,1
"7099","grasping",1,0,1
"7100","gratification",0,1,1
"7101","gratify",1,0,1
"7102","gratiott",0,1,1
"7103","gratuitous",0,1,1
"7104","gratulation",0,1,1
"7105","gray",1,0,1
"7106","grayson",1,0,1
"7107","greece",1,0,1
"7108","greedy",1,0,1
"7109","greeks",1,0,1
"7110","green",1,0,1
"7111","greenup",1,0,1
"7112","greeting",0,1,1
"7113","gregg",1,0,1
"7114","grenades",0,1,1
"7115","grievousness",1,0,1
"7116","grimsley",1,0,1
"7117","gristle",1,0,1
"7118","grizzled",1,0,1
"7119","groans",1,0,1
"7120","groundless",0,1,1
"7121","grove",1,0,1
"7122","grudgingly",1,0,1
"7123","guaranteed",0,1,1
"7124","guaranty",1,0,1
"7125","guarded",1,0,1
"7126","guardian",0,1,1
"7127","guarding",1,0,1
"7128","guerilla",0,1,1
"7129","guides",0,1,1
"7130","gulp",1,0,1
"7131","gun",1,0,1
"7132","gunboat",0,1,1
"7133","gushing",0,1,1
"7134","habitation",1,0,1
"7135","habituate",1,0,1
"7136","hackneyed",0,1,1
"7137","hagenbuek",0,1,1
"7138","hairs",1,0,1
"7139","haiti",0,1,1
"7140","halleck's",0,1,1
"7141","hallow",0,1,1
"7142","halls",1,0,1
"7143","halt",1,0,1
"7144","halting",1,0,1
"7145","hamburg",0,1,1
"7146","hamilton",1,0,1
"7147","hamilton's",1,0,1
"7148","hamlin",0,1,1
"7149","hampshire's",0,1,1
"7150","handful",1,0,1
"7151","handkerchief",1,0,1
"7152","handkerchiefs",1,0,1
"7153","handsomely",0,1,1
"7154","hanged",1,0,1
"7155","hangs",1,0,1
"7156","hannibal",0,1,1
"7157","hanover",1,0,1
"7158","hapless",1,0,1
"7159","happier",0,1,1
"7160","harassments",0,1,1
"7161","harbored",0,1,1
"7162","hardie",0,1,1
"7163","hardiman",1,0,1
"7164","hardships",1,0,1
"7165","hardy",1,0,1
"7166","harlan",0,1,1
"7167","harmon's",0,1,1
"7168","harmonized",1,0,1
"7169","harnson",1,0,1
"7170","harriet",1,0,1
"7171","harrow",0,1,1
"7172","harry",0,1,1
"7173","harvard",0,1,1
"7174","hast",1,0,1
"7175","hastily",1,0,1
"7176","hasty",0,1,1
"7177","hatcher's",0,1,1
"7178","hatches",1,0,1
"7179","hatching",0,1,1
"7180","hated",1,0,1
"7181","hats",1,0,1
"7182","haughty",1,0,1
"7183","hauls",1,0,1
"7184","haven",0,1,1
"7185","hawked",1,0,1
"7186","hawks",0,1,1
"7187","haywood",0,1,1
"7188","hazardous",0,1,1
"7189","hazards",0,1,1
"7190","heading",0,1,1
"7191","heal",0,1,1
"7192","healthful",1,0,1
"7193","hearers",1,0,1
"7194","hearted",1,0,1
"7195","heartrending",1,0,1
"7196","hedged",1,0,1
"7197","heedless",1,0,1
"7198","height",0,1,1
"7199","heightened",0,1,1
"7200","heiskell's",0,1,1
"7201","helm's",0,1,1
"7202","helps",1,0,1
"7203","hemispheres",1,0,1
"7204","hemmed",1,0,1
"7205","hemp",0,1,1
"7206","henry's",1,0,1
"7207","hereditary",0,1,1
"7208","hereof",0,1,1
"7209","heresies",1,0,1
"7210","hermit",0,1,1
"7211","hermitage",1,0,1
"7212","hesitated",1,0,1
"7213","hesitation",0,1,1
"7214","hickories",1,0,1
"7215","hid",1,0,1
"7216","hides",1,0,1
"7217","highroad",1,0,1
"7218","highways",1,0,1
"7219","hilton",0,1,1
"7220","hindered",0,1,1
"7221","hindering",0,1,1
"7222","hindmost",1,0,1
"7223","hindrance",1,0,1
"7224","hindrances",1,0,1
"7225","hinman",1,0,1
"7226","hinted",0,1,1
"7227","hirers",0,1,1
"7228","hires",0,1,1
"7229","historically",1,0,1
"7230","hits",1,0,1
"7231","hogsheads",0,1,1
"7232","hoist",1,0,1
"7233","holcombe",0,1,1
"7234","holden",1,0,1
"7235","holler",1,0,1
"7236","holt",0,1,1
"7237","homer",1,0,1
"7238","homesteads",0,1,1
"7239","honorary",0,1,1
"7240","hood's",0,1,1
"7241","hooker's",0,1,1
"7242","hooted",1,0,1
"7243","horatio",0,1,1
"7244","horde",1,0,1
"7245","horn",1,0,1
"7246","horned",1,0,1
"7247","horns",1,0,1
"7248","horrified",1,0,1
"7249","hospitalities",0,1,1
"7250","hotel",1,0,1
"7251","hotspur",1,0,1
"7252","hour's",1,0,1
"7253","houseless",0,1,1
"7254","hovey",0,1,1
"7255","howe",0,1,1
"7256","hugely",1,0,1
"7257","humane",1,0,1
"7258","humblest",1,0,1
"7259","humbly",0,1,1
"7260","humbug",1,0,1
"7261","humoredly",1,0,1
"7262","hungarians",1,0,1
"7263","hurd",1,0,1
"7264","hurried",0,1,1
"7265","hurst",1,0,1
"7266","hurt",1,0,1
"7267","husbands",0,1,1
"7268","hypocrites",1,0,1
"7269","hypothesis",1,0,1
"7270","ice",1,0,1
"7271","idled",1,0,1
"7272","idler",1,0,1
"7273","idol",1,0,1
"7274","ignominy",1,0,1
"7275","illegal",0,1,1
"7276","illiberal",0,1,1
"7277","illicit",0,1,1
"7278","illness",0,1,1
"7279","illustrate",0,1,1
"7280","illustrations",1,0,1
"7281","imaginable",1,0,1
"7282","imaginary",1,0,1
"7283","immensely",0,1,1
"7284","imminent",0,1,1
"7285","immortality",1,0,1
"7286","impair",0,1,1
"7287","impartiality",0,1,1
"7288","impassioned",1,0,1
"7289","impatient",1,0,1
"7290","impeachment",0,1,1
"7291","impeded",0,1,1
"7292","impediment",1,0,1
"7293","impediments",1,0,1
"7294","impending",0,1,1
"7295","imperative",0,1,1
"7296","imperatively",0,1,1
"7297","imperial",0,1,1
"7298","imperilled",1,0,1
"7299","imperishable",1,0,1
"7300","implicitly",1,0,1
"7301","imploring",0,1,1
"7302","implying",1,0,1
"7303","importunate",0,1,1
"7304","importunity",1,0,1
"7305","impose",0,1,1
"7306","impoverishing",1,0,1
"7307","imprison",0,1,1
"7308","imprisoning",0,1,1
"7309","improperly",1,0,1
"7310","impudent",1,0,1
"7311","impugn",0,1,1
"7312","impulse",1,0,1
"7313","inability",0,1,1
"7314","inactive",0,1,1
"7315","inadequate",0,1,1
"7316","inadmissible",0,1,1
"7317","inadvertently",0,1,1
"7318","incapable",0,1,1
"7319","incendiary",1,0,1
"7320","incentive",0,1,1
"7321","inception",1,0,1
"7322","incidental",0,1,1
"7323","incipient",1,0,1
"7324","inciting",0,1,1
"7325","inclement",0,1,1
"7326","inclinations",1,0,1
"7327","incline",1,0,1
"7328","inclosures",0,1,1
"7329","incomes",0,1,1
"7330","inconceivable",1,0,1
"7331","inconsistencies",1,0,1
"7332","inconstant",0,1,1
"7333","inconveniences",1,0,1
"7334","incorrect",1,0,1
"7335","increases",1,0,1
"7336","inculcate",1,0,1
"7337","inculcated",0,1,1
"7338","incurred",0,1,1
"7339","incursions",0,1,1
"7340","indefinitely",0,1,1
"7341","indication",0,1,1
"7342","indifferent",0,1,1
"7343","indignation",1,0,1
"7344","indiscriminate",1,0,1
"7345","indistinctly",1,0,1
"7346","indomitable",1,0,1
"7347","indorser",1,0,1
"7348","indorses",1,0,1
"7349","inducements",0,1,1
"7350","indulging",1,0,1
"7351","industries",1,0,1
"7352","inefficient",1,0,1
"7353","inequalities",0,1,1
"7354","inevitable",0,1,1
"7355","inexcusable",0,1,1
"7356","inexpedient",0,1,1
"7357","infamous",1,0,1
"7358","infidel",1,0,1
"7359","infinite",0,1,1
"7360","infirmities",0,1,1
"7361","inflexibly",0,1,1
"7362","influences",0,1,1
"7363","infraction",1,0,1
"7364","infractions",1,0,1
"7365","infused",1,0,1
"7366","ingenuity",1,0,1
"7367","inhabit",1,0,1
"7368","inhabiting",1,0,1
"7369","inhuman",0,1,1
"7370","inimical",0,1,1
"7371","initial",0,1,1
"7372","initiated",0,1,1
"7373","injuring",1,0,1
"7374","innocently",0,1,1
"7375","innumerable",1,0,1
"7376","inquisition",1,0,1
"7377","inscrutable",1,0,1
"7378","insecurity",0,1,1
"7379","insensibility",1,0,1
"7380","inseparable",1,0,1
"7381","inseparably",1,0,1
"7382","inserted",1,0,1
"7383","insidious",1,0,1
"7384","insignificance",1,0,1
"7385","insincere",0,1,1
"7386","insinuated",1,0,1
"7387","inspection",0,1,1
"7388","inspiration",1,0,1
"7389","inspire",0,1,1
"7390","inspires",1,0,1
"7391","inspiring",1,0,1
"7392","instalments",0,1,1
"7393","instinctive",0,1,1
"7394","instinctively",1,0,1
"7395","instruct",0,1,1
"7396","instructing",1,0,1
"7397","instruction",0,1,1
"7398","instructs",0,1,1
"7399","insulting",0,1,1
"7400","insurrections",0,1,1
"7401","intelligently",0,1,1
"7402","intense",1,0,1
"7403","intentions",0,1,1
"7404","interchange",0,1,1
"7405","interfered",0,1,1
"7406","interlineations",0,1,1
"7407","intermingled",1,0,1
"7408","intermission",1,0,1
"7409","interpose",0,1,1
"7410","interposing",0,1,1
"7411","interpreted",1,0,1
"7412","interrogations",1,0,1
"7413","interrogatories",1,0,1
"7414","interruption",0,1,1
"7415","interruptions",1,0,1
"7416","intersection",0,1,1
"7417","interval",0,1,1
"7418","intervals",1,0,1
"7419","intervened",0,1,1
"7420","intervening",0,1,1
"7421","intervention",1,0,1
"7422","interviews",0,1,1
"7423","intestine",1,0,1
"7424","intimately",0,1,1
"7425","intimidation",1,0,1
"7426","intoxicating",0,1,1
"7427","intrenchments",0,1,1
"7428","intricacy",0,1,1
"7429","invalids",0,1,1
"7430","inventive",1,0,1
"7431","investigated",0,1,1
"7432","investment",1,0,1
"7433","invidious",0,1,1
"7434","invisible",1,0,1
"7435","invitation",1,0,1
"7436","invoking",0,1,1
"7437","ireland",0,1,1
"7438","irons",1,0,1
"7439","irreconcilable",0,1,1
"7440","irregular",0,1,1
"7441","irregularities",0,1,1
"7442","irritations",1,0,1
"7443","isabel",0,1,1
"7444","isolated",1,0,1
"7445","israel",1,0,1
"7446","ix",1,0,1
"7447","j.q",1,0,1
"7448","jack",0,1,1
"7449","jackson's",1,0,1
"7450","jacobinism",0,1,1
"7451","jacobs",0,1,1
"7452","jany",1,0,1
"7453","jas",1,0,1
"7454","jealous",1,0,1
"7455","jealousies",1,0,1
"7456","jeopard",1,0,1
"7457","jeopardy",0,1,1
"7458","jibes",1,0,1
"7459","jo",1,0,1
"7460","jogging",1,0,1
"7461","johns",0,1,1
"7462","joining",1,0,1
"7463","joins",1,0,1
"7464","joliet",1,0,1
"7465","jones",1,0,1
"7466","joneses",1,0,1
"7467","jostled",0,1,1
"7468","journey",0,1,1
"7469","jubilee",1,0,1
"7470","judgement",0,1,1
"7471","judiciary",1,0,1
"7472","judicious",1,0,1
"7473","juggernaut",1,0,1
"7474","jun",0,1,1
"7475","juncture",0,1,1
"7476","juries",1,0,1
"7477","juror",1,0,1
"7478","jurors",1,0,1
"7479","justices",1,0,1
"7480","justin",1,0,1
"7481","keaysarge",0,1,1
"7482","keen",1,0,1
"7483","keeper",1,0,1
"7484","keepers",1,0,1
"7485","keepst",1,0,1
"7486","kellogg",1,0,1
"7487","kelly's",0,1,1
"7488","kendall",1,0,1
"7489","kentuckians",1,0,1
"7490","keokuk",0,1,1
"7491","kershaw",0,1,1
"7492","kickings",1,0,1
"7493","kicks",1,0,1
"7494","kill",1,0,1
"7495","kilpatrick",0,1,1
"7496","kimball",1,0,1
"7497","kindling",0,1,1
"7498","kindred",1,0,1
"7499","kinds",0,1,1
"7500","kingcraft",1,0,1
"7501","kingly",1,0,1
"7502","knives",1,0,1
"7503","knock",1,0,1
"7504","knocked",1,0,1
"7505","knox",0,1,1
"7506","laborious",1,0,1
"7507","lacking",1,0,1
"7508","laggard",1,0,1
"7509","lain",1,0,1
"7510","lament",1,0,1
"7511","landed",1,0,1
"7512","lap",1,0,1
"7513","lapse",0,1,1
"7514","largest",0,1,1
"7515","laughed",0,1,1
"7516","lavely",1,0,1
"7517","lawrenceville",1,0,1
"7518","leader",0,1,1
"7519","leadership",1,0,1
"7520","lear",1,0,1
"7521","leasing",0,1,1
"7522","lectures",1,0,1
"7523","legation",0,1,1
"7524","legion",1,0,1
"7525","legions",1,0,1
"7526","legislators",0,1,1
"7527","legitimately",1,0,1
"7528","legs",1,0,1
"7529","leisure",1,0,1
"7530","lellyet",0,1,1
"7531","lend",1,0,1
"7532","lengthen",0,1,1
"7533","lengthening",0,1,1
"7534","lennon",0,1,1
"7535","leon",0,1,1
"7536","leroy",0,1,1
"7537","lessens",1,0,1
"7538","lesson",1,0,1
"7539","level",1,0,1
"7540","lever",0,1,1
"7541","levi",1,0,1
"7542","levy",1,0,1
"7543","lew",0,1,1
"7544","lewisburg",0,1,1
"7545","li",0,1,1
"7546","liberally",0,1,1
"7547","liberated",1,0,1
"7548","liberates",1,0,1
"7549","liberating",0,1,1
"7550","liberator",0,1,1
"7551","liberian",0,1,1
"7552","library",1,0,1
"7553","license",0,1,1
"7554","lifted",1,0,1
"7555","lifting",1,0,1
"7556","likenesses",1,0,1
"7557","likes",0,1,1
"7558","lima",0,1,1
"7559","limiting",1,0,1
"7560","lingering",1,0,1
"7561","liquidation",0,1,1
"7562","listen",1,0,1
"7563","listening",1,0,1
"7564","lists",0,1,1
"7565","lively",1,0,1
"7566","lo",1,0,1
"7567","loaded",1,0,1
"7568","loaf",1,0,1
"7569","loafer",1,0,1
"7570","loaning",0,1,1
"7571","loathsome",1,0,1
"7572","localized",0,1,1
"7573","locomotives",0,1,1
"7574","lodges",1,0,1
"7575","lodgment",0,1,1
"7576","logs",1,0,1
"7577","london",0,1,1
"7578","lone",1,0,1
"7579","longstreet",0,1,1
"7580","longstreet's",0,1,1
"7581","loosened",1,0,1
"7582","loser",1,0,1
"7583","loses",1,0,1
"7584","louden",0,1,1
"7585","loudly",1,0,1
"7586","lover",1,0,1
"7587","loving",1,0,1
"7588","lowest",1,0,1
"7589","lowndes",1,0,1
"7590","loyally",0,1,1
"7591","luckett",0,1,1
"7592","lugging",1,0,1
"7593","luis",0,1,1
"7594","lump",1,0,1
"7595","lxxiii",1,0,1
"7596","lyon",0,1,1
"7597","macedonian",0,1,1
"7598","mack",1,0,1
"7599","macon",1,0,1
"7600","maddening",1,0,1
"7601","magazine",1,0,1
"7602","magnanimous",1,0,1
"7603","magnify",1,0,1
"7604","maguire",0,1,1
"7605","maid",1,0,1
"7606","maintaining",0,1,1
"7607","majestic",1,0,1
"7608","majesty",0,1,1
"7609","majorities",1,0,1
"7610","makers",1,0,1
"7611","male",1,0,1
"7612","mallory",0,1,1
"7613","maltby",1,0,1
"7614","manacle",1,0,1
"7615","managed",1,0,1
"7616","managing",0,1,1
"7617","manassas",0,1,1
"7618","manfully",1,0,1
"7619","mangled",1,0,1
"7620","manifestations",0,1,1
"7621","manifestoes",1,0,1
"7622","manifold",0,1,1
"7623","mansfield",1,0,1
"7624","mantle",1,0,1
"7625","marched",1,0,1
"7626","marches",0,1,1
"7627","marion's",1,0,1
"7628","market",1,0,1
"7629","markets",1,0,1
"7630","marks",0,1,1
"7631","marston",0,1,1
"7632","mart",1,0,1
"7633","marylanders",0,1,1
"7634","marys",0,1,1
"7635","massacred",0,1,1
"7636","masse",1,0,1
"7637","masterly",1,0,1
"7638","matamoras",1,0,1
"7639","match",1,0,1
"7640","matheny",1,0,1
"7641","matured",1,0,1
"7642","maturely",0,1,1
"7643","maxim",1,0,1
"7644","mccammon",1,0,1
"7645","mccarthy",0,1,1
"7646","mcclellan",0,1,1
"7647","mcclellan's",0,1,1
"7648","mccormick",1,0,1
"7649","mcdonough",1,0,1
"7650","mcfingal's",1,0,1
"7651","mclane",1,0,1
"7652","mclaran",0,1,1
"7653","mcnutt",1,0,1
"7654","mcpherson",0,1,1
"7655","meadville",0,1,1
"7656","measured",1,0,1
"7657","measurements",1,0,1
"7658","measuring",1,0,1
"7659","mechanic",1,0,1
"7660","meddle",0,1,1
"7661","medium",1,0,1
"7662","meeker",1,0,1
"7663","meets",0,1,1
"7664","melancholy",0,1,1
"7665","meliorate",1,0,1
"7666","melted",1,0,1
"7667","membership",0,1,1
"7668","memorable",0,1,1
"7669","menaces",1,0,1
"7670","mend",1,0,1
"7671","mentions",1,0,1
"7672","merchant",1,0,1
"7673","mercies",0,1,1
"7674","meritorious",0,1,1
"7675","messages",1,0,1
"7676","method",1,0,1
"7677","methods",1,0,1
"7678","mexicans",1,0,1
"7679","michigander",1,0,1
"7680","microscope",1,0,1
"7681","midshipman",0,1,1
"7682","midshipmen",0,1,1
"7683","midsummer",0,1,1
"7684","midway",1,0,1
"7685","migration",1,0,1
"7686","miles's",0,1,1
"7687","milledgeville",1,0,1
"7688","mills",0,1,1
"7689","milroy's",0,1,1
"7690","milton",0,1,1
"7691","minded",1,0,1
"7692","miner",1,0,1
"7693","ministerial",1,0,1
"7694","ministers",0,1,1
"7695","minute",1,0,1
"7696","minuteness",1,0,1
"7697","miracle",1,0,1
"7698","misapplication",1,0,1
"7699","misapprehension",0,1,1
"7700","misbehaved",0,1,1
"7701","misbehaving",0,1,1
"7702","misconceive",0,1,1
"7703","misconstrues",0,1,1
"7704","miserably",1,0,1
"7705","misery",1,0,1
"7706","mislead",1,0,1
"7707","misled",1,0,1
"7708","misnamed",1,0,1
"7709","misrepresentative",1,0,1
"7710","misrepresents",1,0,1
"7711","missourians",1,0,1
"7712","misunderstood",0,1,1
"7713","mite",1,0,1
"7714","mitigated",0,1,1
"7715","mitigation",0,1,1
"7716","mix",1,0,1
"7717","mockery",1,0,1
"7718","modeled",1,0,1
"7719","modern",0,1,1
"7720","modest",0,1,1
"7721","modesty",1,0,1
"7722","molding",0,1,1
"7723","molest",0,1,1
"7724","molina",0,1,1
"7725","moloch",1,0,1
"7726","momentous",1,0,1
"7727","monarchical",0,1,1
"7728","montana",0,1,1
"7729","month's",0,1,1
"7730","monthly",1,0,1
"7731","monument",1,0,1
"7732","mooted",1,0,1
"7733","morally",1,0,1
"7734","morning's",0,1,1
"7735","morocco",0,1,1
"7736","mortars",0,1,1
"7737","mortgages",1,0,1
"7738","mortified",0,1,1
"7739","mosquitoes",1,0,1
"7740","mould",0,1,1
"7741","mountain",0,1,1
"7742","mourners",1,0,1
"7743","mournful",1,0,1
"7744","mourns",1,0,1
"7745","moves",0,1,1
"7746","mulatto",1,0,1
"7747","multiplied",1,0,1
"7748","multiplies",0,1,1
"7749","mumbling",1,0,1
"7750","munitions",0,1,1
"7751","murdered",1,0,1
"7752","murmurs",1,0,1
"7753","muscatine",1,0,1
"7754","music",1,0,1
"7755","musing",1,0,1
"7756","musketry",0,1,1
"7757","muster",0,1,1
"7758","mute",1,0,1
"7759","muzzle",1,0,1
"7760","mysteries",1,0,1
"7761","mystery",1,0,1
"7762","mythical",1,0,1
"7763","n't",1,0,1
"7764","narrated",0,1,1
"7765","narrative",0,1,1
"7766","narrowest",1,0,1
"7767","nason",1,0,1
"7768","natchez",0,1,1
"7769","nationality",0,1,1
"7770","naturalization",0,1,1
"7771","naturalizations",0,1,1
"7772","natured",1,0,1
"7773","navigable",0,1,1
"7774","navigating",0,1,1
"7775","nebraskites",1,0,1
"7776","neck",1,0,1
"7777","needful",1,0,1
"7778","nefarious",0,1,1
"7779","negatively",0,1,1
"7780","neglected",1,0,1
"7781","neglecting",1,0,1
"7782","negotiate",1,0,1
"7783","negotiated",0,1,1
"7784","negotiating",1,0,1
"7785","negotiations",0,1,1
"7786","negro's",1,0,1
"7787","neighborhood",0,1,1
"7788","neighborhoods",1,0,1
"7789","nelson",0,1,1
"7790","nerved",1,0,1
"7791","net",0,1,1
"7792","niagara",0,1,1
"7793","nicaraguan",0,1,1
"7794","nicholson",1,0,1
"7795","nigger",1,0,1
"7796","nineteen",1,0,1
"7797","niver",1,0,1
"7798","noisy",1,0,1
"7799","nominally",0,1,1
"7800","nominating",1,0,1
"7801","nominees",0,1,1
"7802","noonday",1,0,1
"7803","norman",1,0,1
"7804","norte",1,0,1
"7805","northeastern",0,1,1
"7806","northward",0,1,1
"7807","norton",0,1,1
"7808","nose",1,0,1
"7809","noteworthy",0,1,1
"7810","nothingness",1,0,1
"7811","noticed",0,1,1
"7812","noticing",1,0,1
"7813","notion",1,0,1
"7814","notions",1,0,1
"7815","nucleus",0,1,1
"7816","numbering",0,1,1
"7817","numerously",1,0,1
"7818","nurses",0,1,1
"7819","nut",1,0,1
"7820","o'conner",1,0,1
"7821","o'er",1,0,1
"7822","o'neill",0,1,1
"7823","oats",1,0,1
"7824","ob't",1,0,1
"7825","objecting",0,1,1
"7826","objectionable",1,0,1
"7827","obliges",0,1,1
"7828","obliterated",1,0,1
"7829","obscure",1,0,1
"7830","observance",0,1,1
"7831","obsolete",1,0,1
"7832","obstacles",0,1,1
"7833","obstinacy",1,0,1
"7834","obstinate",0,1,1
"7835","obstructing",0,1,1
"7836","obt",1,0,1
"7837","obtrude",0,1,1
"7838","obtruding",1,0,1
"7839","obtrusive",1,0,1
"7840","obviated",1,0,1
"7841","obviates",1,0,1
"7842","occasionally",1,0,1
"7843","oceans",0,1,1
"7844","ocracoke",0,1,1
"7845","odd",1,0,1
"7846","offences",0,1,1
"7847","offend",1,0,1
"7848","offenders",0,1,1
"7849","officiating",0,1,1
"7850","officio",1,0,1
"7851","ogden",0,1,1
"7852","olustee",0,1,1
"7853","olympia",0,1,1
"7854","one's",1,0,1
"7855","onerous",0,1,1
"7856","onions",1,0,1
"7857","onset",1,0,1
"7858","operated",1,0,1
"7859","operates",1,0,1
"7860","oppress",1,0,1
"7861","oppressive",1,0,1
"7862","opprobrium",1,0,1
"7863","orally",0,1,1
"7864","oration",1,0,1
"7865","ordains",0,1,1
"7866","ordinances",0,1,1
"7867","ordnance",0,1,1
"7868","organ",0,1,1
"7869","organizing",1,0,1
"7870","oriental",0,1,1
"7871","originality",1,0,1
"7872","originating",1,0,1
"7873","ornament",1,0,1
"7874","orphan",0,1,1
"7875","ostensible",1,0,1
"7876","outcome",1,0,1
"7877","outgoing",1,0,1
"7878","outlay",0,1,1
"7879","outlying",0,1,1
"7880","outmanage",1,0,1
"7881","outposts",1,0,1
"7882","outrage",1,0,1
"7883","outrunning",1,0,1
"7884","outset",1,0,1
"7885","outspreading",1,0,1
"7886","outvaded",1,0,1
"7887","overawe",1,0,1
"7888","overbalancing",1,0,1
"7889","overbon",1,0,1
"7890","overborne",0,1,1
"7891","overcome",0,1,1
"7892","overcrowded",0,1,1
"7893","overflowed",0,1,1
"7894","overland",0,1,1
"7895","overlook",1,0,1
"7896","overmastering",1,0,1
"7897","overpayments",1,0,1
"7898","overpower",1,0,1
"7899","overpowered",0,1,1
"7900","overran",1,0,1
"7901","overreach",1,0,1
"7902","overrun",0,1,1
"7903","overthrowing",0,1,1
"7904","overtures",0,1,1
"7905","overwhelmed",1,0,1
"7906","owed",1,0,1
"7907","oxen",1,0,1
"7908","oyster",1,0,1
"7909","p.o",1,0,1
"7910","pace",1,0,1
"7911","pacification",0,1,1
"7912","pacificator",1,0,1
"7913","package",1,0,1
"7914","pains",1,0,1
"7915","painting",1,0,1
"7916","pair",1,0,1
"7917","palestine",1,0,1
"7918","palliation",1,0,1
"7919","pangs",1,0,1
"7920","pantaloons",1,0,1
"7921","par",1,0,1
"7922","paradox",1,0,1
"7923","paragraphs",1,0,1
"7924","paraguay",0,1,1
"7925","paralyze",0,1,1
"7926","paralyzed",0,1,1
"7927","paralyzing",0,1,1
"7928","paraphrases",1,0,1
"7929","parceled",0,1,1
"7930","parcels",1,0,1
"7931","parched",1,0,1
"7932","parent",1,0,1
"7933","parents",1,0,1
"7934","parole",0,1,1
"7935","participate",0,1,1
"7936","partisans",1,0,1
"7937","partners",1,0,1
"7938","partnership",1,0,1
"7939","pasha",0,1,1
"7940","passengers",1,0,1
"7941","passports",1,0,1
"7942","pasted",0,1,1
"7943","pastime",1,0,1
"7944","pastor",0,1,1
"7945","pat",1,0,1
"7946","pates",0,1,1
"7947","path",1,0,1
"7948","pathetic",1,0,1
"7949","pathos",1,0,1
"7950","paths",1,0,1
"7951","patience",1,0,1
"7952","patrick",1,0,1
"7953","patronize",1,0,1
"7954","patronized",0,1,1
"7955","paul",1,0,1
"7956","paw",1,0,1
"7957","paymaster",0,1,1
"7958","payor",1,0,1
"7959","peaceably",0,1,1
"7960","pearl",0,1,1
"7961","peculiarities",0,1,1
"7962","peculiarity",1,0,1
"7963","peculiarly",0,1,1
"7964","pedlar",1,0,1
"7965","pen",1,0,1
"7966","penalty",1,0,1
"7967","pencil",0,1,1
"7968","penetrate",1,0,1
"7969","peninsula",0,1,1
"7970","penitent",0,1,1
"7971","penitential",0,1,1
"7972","penitentiary",0,1,1
"7973","penn",0,1,1
"7974","penniless",0,1,1
"7975","penrose",0,1,1
"7976","pens",1,0,1
"7977","pensive",1,0,1
"7978","perceiving",1,0,1
"7979","perchance",1,0,1
"7980","percussion",0,1,1
"7981","peremptory",0,1,1
"7982","performances",0,1,1
"7983","performing",0,1,1
"7984","periodically",0,1,1
"7985","perished",1,0,1
"7986","permitting",1,0,1
"7987","pernicious",0,1,1
"7988","perpetuated",0,1,1
"7989","perpetuating",1,0,1
"7990","perry",0,1,1
"7991","perryman",0,1,1
"7992","persevered",1,0,1
"7993","perseveringly",1,0,1
"7994","persistent",1,0,1
"7995","personification",1,0,1
"7996","persuading",0,1,1
"7997","persuasion",1,0,1
"7998","pertain",0,1,1
"7999","pertains",1,0,1
"8000","pervades",1,0,1
"8001","perverse",0,1,1
"8002","petty",1,0,1
"8003","peyton",0,1,1
"8004","pharaoh's",1,0,1
"8005","philanthropic",1,0,1
"8006","philanthropy",1,0,1
"8007","philippics",1,0,1
"8008","philosophic",1,0,1
"8009","picked",0,1,1
"8010","picker",0,1,1
"8011","picture",0,1,1
"8012","pierce",1,0,1
"8013","piercing",1,0,1
"8014","pike",1,0,1
"8015","pikes",0,1,1
"8016","piled",0,1,1
"8017","pinch",1,0,1
"8018","pious",0,1,1
"8019","pistols",0,1,1
"8020","pitchfork",1,0,1
"8021","pittsburg",0,1,1
"8022","pity",0,1,1
"8023","plagues",1,0,1
"8024","plaid",0,1,1
"8025","plainest",1,0,1
"8026","plains",1,0,1
"8027","plaintiffs",1,0,1
"8028","plaintively",1,0,1
"8029","planks",0,1,1
"8030","planned",0,1,1
"8031","plantations",0,1,1
"8032","platforms",1,0,1
"8033","plausibility",1,0,1
"8034","plausible",1,0,1
"8035","playful",1,0,1
"8036","playing",0,1,1
"8037","playmates",1,0,1
"8038","pleaded",1,0,1
"8039","pleading",1,0,1
"8040","plowing",1,0,1
"8041","plunged",1,0,1
"8042","pocket",1,0,1
"8043","poet",1,0,1
"8044","poets",0,1,1
"8045","pointedly",1,0,1
"8046","poisoned",1,0,1
"8047","poisoning",1,0,1
"8048","poles",1,0,1
"8049","poll",1,0,1
"8050","ponder",1,0,1
"8051","pope's",0,1,1
"8052","popularity",1,0,1
"8053","portland",0,1,1
"8054","possessing",1,0,1
"8055","posterity",0,1,1
"8056","postponements",1,0,1
"8057","pot",1,0,1
"8058","pour",1,0,1
"8059","powder",0,1,1
"8060","practicability",1,0,1
"8061","practiced",0,1,1
"8062","practised",1,0,1
"8063","praying",0,1,1
"8064","pre",1,0,1
"8065","preacher",1,0,1
"8066","precautionary",0,1,1
"8067","precincts",0,1,1
"8068","precludes",1,0,1
"8069","prediction",0,1,1
"8070","predictions",0,1,1
"8071","predominant",1,0,1
"8072","preferable",1,0,1
"8073","preliminaries",0,1,1
"8074","prelimited",1,0,1
"8075","premature",0,1,1
"8076","preponderance",1,0,1
"8077","preponderating",0,1,1
"8078","prepossessed",1,0,1
"8079","prescribes",1,0,1
"8080","preserving",0,1,1
"8081","presided",1,0,1
"8082","presiding",1,0,1
"8083","presumption",0,1,1
"8084","pretending",1,0,1
"8085","pretensions",1,0,1
"8086","pretexts",1,0,1
"8087","prevailing",0,1,1
"8088","prevails",0,1,1
"8089","prevention",1,0,1
"8090","pricked",1,0,1
"8091","priest",1,0,1
"8092","priests",1,0,1
"8093","prime",1,0,1
"8094","prince",1,0,1
"8095","principally",1,0,1
"8096","printing",0,1,1
"8097","priority",1,0,1
"8098","privately",1,0,1
"8099","prizes",0,1,1
"8100","probate",1,0,1
"8101","problematical",1,0,1
"8102","procedure",1,0,1
"8103","processes",0,1,1
"8104","procession",1,0,1
"8105","procured",0,1,1
"8106","produces",1,0,1
"8107","productions",1,0,1
"8108","profess",1,0,1
"8109","professional",1,0,1
"8110","professor",0,1,1
"8111","proffered",0,1,1
"8112","profited",1,0,1
"8113","progressing",1,0,1
"8114","progressive",1,0,1
"8115","prohibitory",1,0,1
"8116","prohibits",1,0,1
"8117","projector",1,0,1
"8118","prolong",0,1,1
"8119","prom",1,0,1
"8120","promoted",1,0,1
"8121","promotion",0,1,1
"8122","promotions",0,1,1
"8123","promotive",0,1,1
"8124","prompted",0,1,1
"8125","proneness",1,0,1
"8126","pronounced",1,0,1
"8127","proportionably",1,0,1
"8128","proportional",0,1,1
"8129","proportionally",1,0,1
"8130","proportionate",1,0,1
"8131","proportions",0,1,1
"8132","proposes",0,1,1
"8133","propounded",0,1,1
"8134","proselyte",0,1,1
"8135","prostituted",1,0,1
"8136","protestations",1,0,1
"8137","proven",1,0,1
"8138","province",1,0,1
"8139","provocation",0,1,1
"8140","provoke",1,0,1
"8141","provoked",0,1,1
"8142","prussia",0,1,1
"8143","prussian",0,1,1
"8144","prying",1,0,1
"8145","pryor",0,1,1
"8146","psalmist's",0,1,1
"8147","publications",0,1,1
"8148","publisher",1,0,1
"8149","publishing",0,1,1
"8150","puget",0,1,1
"8151","pull",0,1,1
"8152","pulleys",1,0,1
"8153","pulpits",1,0,1
"8154","pump",1,0,1
"8155","punctually",0,1,1
"8156","puny",1,0,1
"8157","purchaser",0,1,1
"8158","purchases",1,0,1
"8159","purest",1,0,1
"8160","purple",1,0,1
"8161","purported",1,0,1
"8162","purse",1,0,1
"8163","pursue",0,1,1
"8164","pursuits",0,1,1
"8165","pushing",0,1,1
"8166","putnam",1,0,1
"8167","puzzled",0,1,1
"8168","qt",0,1,1
"8169","quail",0,1,1
"8170","qualification",1,0,1
"8171","qualifications",0,1,1
"8172","qualify",1,0,1
"8173","qualities",1,0,1
"8174","quantities",0,1,1
"8175","quarterly",1,0,1
"8176","quartermaster's",0,1,1
"8177","quasi",1,0,1
"8178","queen",0,1,1
"8179","quelling",0,1,1
"8180","questionable",0,1,1
"8181","quibbling",1,0,1
"8182","quicken",0,1,1
"8183","quotation",1,0,1
"8184","quotations",1,0,1
"8185","quoting",1,0,1
"8186","radiate",1,0,1
"8187","radicalism",1,0,1
"8188","radically",1,0,1
"8189","raffle",0,1,1
"8190","rag",0,1,1
"8191","rage",1,0,1
"8192","raging",0,1,1
"8193","rags",0,1,1
"8194","raid",0,1,1
"8195","raids",1,0,1
"8196","rail",0,1,1
"8197","rails",0,1,1
"8198","rainbow",1,0,1
"8199","rainy",0,1,1
"8200","ram's",1,0,1
"8201","randolph's",1,0,1
"8202","ranged",1,0,1
"8203","ranking",0,1,1
"8204","ranney",0,1,1
"8205","ranney's",0,1,1
"8206","rarely",1,0,1
"8207","rates",0,1,1
"8208","ratifications",0,1,1
"8209","ratio",1,0,1
"8210","rational",0,1,1
"8211","ravages",0,1,1
"8212","raw",1,0,1
"8213","reaches",1,0,1
"8214","readopt",1,0,1
"8215","reaffirmed",1,0,1
"8216","reagitation",1,0,1
"8217","reality",1,0,1
"8218","realization",1,0,1
"8219","reappear",1,0,1
"8220","reappearance",1,0,1
"8221","reappointed",1,0,1
"8222","reassembled",1,0,1
"8223","reassert",1,0,1
"8224","recall",0,1,1
"8225","recalling",0,1,1
"8226","recantation",0,1,1
"8227","recanting",0,1,1
"8228","recants",0,1,1
"8229","receiver's",1,0,1
"8230","reception",0,1,1
"8231","recess",1,0,1
"8232","recharter",1,0,1
"8233","reciprocity",0,1,1
"8234","recitals",0,1,1
"8235","reckless",1,0,1
"8236","recklessness",1,0,1
"8237","reckon",1,0,1
"8238","reckoned",0,1,1
"8239","reckoning",0,1,1
"8240","reclaiming",1,0,1
"8241","recognizes",0,1,1
"8242","recollections",1,0,1
"8243","reconcile",1,0,1
"8244","recorded",1,0,1
"8245","recounted",0,1,1
"8246","recovery",1,0,1
"8247","recreant",1,0,1
"8248","recross",0,1,1
"8249","recruit",0,1,1
"8250","rectitude",1,0,1
"8251","recurring",1,0,1
"8252","reddick",1,0,1
"8253","redeemed",0,1,1
"8254","redounds",0,1,1
"8255","reelected",1,0,1
"8256","reeled",1,0,1
"8257","reestablish",0,1,1
"8258","references",1,0,1
"8259","refresh",1,0,1
"8260","refusals",0,1,1
"8261","refuses",0,1,1
"8262","refute",1,0,1
"8263","regenerated",0,1,1
"8264","regimental",0,1,1
"8265","registry",0,1,1
"8266","regrets",1,0,1
"8267","regretted",1,0,1
"8268","regulars",1,0,1
"8269","regulated",0,1,1
"8270","regulating",1,0,1
"8271","reigns",1,0,1
"8272","reimbursed",0,1,1
"8273","reimbursement",0,1,1
"8274","reinaugurated",0,1,1
"8275","reinauguration",0,1,1
"8276","reinforcements",0,1,1
"8277","reinhardt",1,0,1
"8278","reinstatement",0,1,1
"8279","reinvigorate",0,1,1
"8280","reiterated",0,1,1
"8281","reiterates",0,1,1
"8282","rejoice",1,0,1
"8283","relationship",0,1,1
"8284","relaxation",0,1,1
"8285","releasing",1,0,1
"8286","relevancy",1,0,1
"8287","reliant",0,1,1
"8288","relieved",0,1,1
"8289","religions",1,0,1
"8290","relinquished",0,1,1
"8291","relish",1,0,1
"8292","reluctant",1,0,1
"8293","remarkably",0,1,1
"8294","remembers",1,0,1
"8295","reminded",0,1,1
"8296","reminder",1,0,1
"8297","reminding",0,1,1
"8298","remission",0,1,1
"8299","remissions",0,1,1
"8300","remitting",1,0,1
"8301","remodeled",0,1,1
"8302","remodeling",0,1,1
"8303","remorselessly",1,0,1
"8304","remote",1,0,1
"8305","remuneration",1,0,1
"8306","rend",0,1,1
"8307","renshaw",0,1,1
"8308","rented",1,0,1
"8309","reopen",1,0,1
"8310","reorganization",0,1,1
"8311","repairs",1,0,1
"8312","repelling",0,1,1
"8313","repent",0,1,1
"8314","replace",0,1,1
"8315","replenishing",0,1,1
"8316","repository",1,0,1
"8317","representations",0,1,1
"8318","representing",0,1,1
"8319","reprieve",1,0,1
"8320","reprieves",0,1,1
"8321","reprisals",1,0,1
"8322","reproached",1,0,1
"8323","reptile",1,0,1
"8324","republic's",1,0,1
"8325","republicanism",1,0,1
"8326","republics",0,1,1
"8327","repudiate",1,0,1
"8328","repudiation",1,0,1
"8329","repurify",1,0,1
"8330","reputation",1,0,1
"8331","requirement",0,1,1
"8332","reread",1,0,1
"8333","rescind",1,0,1
"8334","rescinding",1,0,1
"8335","resemblance",1,0,1
"8336","resembling",1,0,1
"8337","resent",1,0,1
"8338","resentment",1,0,1
"8339","reserves",0,1,1
"8340","resign",0,1,1
"8341","resolutely",0,1,1
"8342","resolving",1,0,1
"8343","resorting",0,1,1
"8344","respectability",0,1,1
"8345","respectable",1,0,1
"8346","respectful",1,0,1
"8347","responding",0,1,1
"8348","rested",1,0,1
"8349","resting",0,1,1
"8350","restitution",0,1,1
"8351","restraining",0,1,1
"8352","restrictions",0,1,1
"8353","retainer",1,0,1
"8354","retaining",0,1,1
"8355","retaliates",1,0,1
"8356","reticency",0,1,1
"8357","retires",1,0,1
"8358","retrograde",1,0,1
"8359","reunite",0,1,1
"8360","revenge",1,0,1
"8361","revenged",0,1,1
"8362","revered",1,0,1
"8363","reverend",0,1,1
"8364","reverses",0,1,1
"8365","reviewed",0,1,1
"8366","reviewing",1,0,1
"8367","revise",0,1,1
"8368","revision",0,1,1
"8369","revisited",1,0,1
"8370","revive",0,1,1
"8371","reviving",1,0,1
"8372","revocation",0,1,1
"8373","revoking",1,0,1
"8374","revolt",0,1,1
"8375","rewards",0,1,1
"8376","rewritten",1,0,1
"8377","rhett",1,0,1
"8378","richardson's",1,0,1
"8379","richly",0,1,1
"8380","ricketts",0,1,1
"8381","ridden",1,0,1
"8382","riding",0,1,1
"8383","rifle",1,0,1
"8384","rigid",0,1,1
"8385","rigorous",0,1,1
"8386","riley",0,1,1
"8387","ring",1,0,1
"8388","ringing",1,0,1
"8389","riot",1,0,1
"8390","ripe",1,0,1
"8391","ripen",0,1,1
"8392","rises",1,0,1
"8393","risked",0,1,1
"8394","rob't",1,0,1
"8395","robe",1,0,1
"8396","rockville",0,1,1
"8397","rockwell",1,0,1
"8398","roger",0,1,1
"8399","rogersville",0,1,1
"8400","roll",0,1,1
"8401","rollick",1,0,1
"8402","rolling",1,0,1
"8403","roman",1,0,1
"8404","rooted",0,1,1
"8405","rooting",1,0,1
"8406","rope",0,1,1
"8407","ropes",1,0,1
"8408","rosette",1,0,1
"8409","ross",1,0,1
"8410","rotten",1,0,1
"8411","rotting",1,0,1
"8412","rousing",0,1,1
"8413","routed",0,1,1
"8414","royally",1,0,1
"8415","rubbish",1,0,1
"8416","rudder",1,0,1
"8417","rude",1,0,1
"8418","ruins",1,0,1
"8419","ruled",0,1,1
"8420","ruling",1,0,1
"8421","rumpus",0,1,1
"8422","runaway",1,0,1
"8423","rushing",1,0,1
"8424","rushville",1,0,1
"8425","rusk",1,0,1
"8426","russell",0,1,1
"8427","sabbath",0,1,1
"8428","sabine",1,0,1
"8429","sacked",0,1,1
"8430","sacramento",0,1,1
"8431","sacrificing",0,1,1
"8432","sad",1,0,1
"8433","saddled",1,0,1
"8434","saddles",0,1,1
"8435","safeguards",1,0,1
"8436","sagacious",1,0,1
"8437","sagacity",0,1,1
"8438","sage",1,0,1
"8439","sail",0,1,1
"8440","sailing",0,1,1
"8441","sailor",1,0,1
"8442","sakes",1,0,1
"8443","salaries",0,1,1
"8444","salle",0,1,1
"8445","saloons",0,1,1
"8446","saltpeter",0,1,1
"8447","salvador",0,1,1
"8448","sanctifying",0,1,1
"8449","sandal",0,1,1
"8450","sanders",0,1,1
"8451","sanderson",0,1,1
"8452","sanford",1,0,1
"8453","sank",1,0,1
"8454","sarah",0,1,1
"8455","sarcasm",1,0,1
"8456","sargent",1,0,1
"8457","satisfying",0,1,1
"8458","savage",0,1,1
"8459","savers",1,0,1
"8460","saves",0,1,1
"8461","saviour",0,1,1
"8462","savoring",1,0,1
"8463","scanned",1,0,1
"8464","scapegoat",0,1,1
"8465","scare",1,0,1
"8466","scathed",1,0,1
"8467","scathing",1,0,1
"8468","scattering",1,0,1
"8469","scenes",1,0,1
"8470","schenck's",0,1,1
"8471","schenek",0,1,1
"8472","schenek's",0,1,1
"8473","schenk",0,1,1
"8474","scherick's",0,1,1
"8475","schism",0,1,1
"8476","schley",0,1,1
"8477","scope",0,1,1
"8478","scotch",1,0,1
"8479","scourge",0,1,1
"8480","scouted",1,0,1
"8481","scratch",1,0,1
"8482","screechers",1,0,1
"8483","screen",0,1,1
"8484","scrip",0,1,1
"8485","scruples",1,0,1
"8486","scrutiny",1,0,1
"8487","scythe",1,0,1
"8488","seaman",0,1,1
"8489","searched",1,0,1
"8490","searching",1,0,1
"8491","seated",1,0,1
"8492","sec'y",1,0,1
"8493","secessionist",0,1,1
"8494","secretly",1,0,1
"8495","seif",1,0,1
"8496","seized",0,1,1
"8497","seldom",1,0,1
"8498","selects",1,0,1
"8499","selfishness",1,0,1
"8500","seller",1,0,1
"8501","senor",0,1,1
"8502","sentinel",0,1,1
"8503","separately",1,0,1
"8504","separating",0,1,1
"8505","sergeant",1,0,1
"8506","seriousness",1,0,1
"8507","serpent's",1,0,1
"8508","servers",0,1,1
"8509","serves",0,1,1
"8510","servile",0,1,1
"8511","settler",0,1,1
"8512","seventeenth",0,1,1
"8513","sever",1,0,1
"8514","severally",0,1,1
"8515","severance",0,1,1
"8516","shackled",1,0,1
"8517","shackles",1,0,1
"8518","shades",1,0,1
"8519","shakes",1,0,1
"8520","shakespeare",1,0,1
"8521","shamed",1,0,1
"8522","shannon",1,0,1
"8523","shaping",0,1,1
"8524","shared",1,0,1
"8525","sharp",0,1,1
"8526","sharper",1,0,1
"8527","sheal'd",1,0,1
"8528","sheep's",0,1,1
"8529","sheer",1,0,1
"8530","sheerest",1,0,1
"8531","sheets",0,1,1
"8532","shelled",1,0,1
"8533","sheltering",1,0,1
"8534","shenck",0,1,1
"8535","sheriff",1,0,1
"8536","shield",1,0,1
"8537","shieldsboro",0,1,1
"8538","shining",1,0,1
"8539","shiploads",1,0,1
"8540","shipment",0,1,1
"8541","shipping",1,0,1
"8542","shipwreck",0,1,1
"8543","shirked",0,1,1
"8544","shiver",1,0,1
"8545","shoals",1,0,1
"8546","shoats",1,0,1
"8547","shock",1,0,1
"8548","shocks",1,0,1
"8549","shone",1,0,1
"8550","shook",1,0,1
"8551","shooters",1,0,1
"8552","shops",0,1,1
"8553","shorn",1,0,1
"8554","shorter",1,0,1
"8555","shortest",0,1,1
"8556","shortly",1,0,1
"8557","shouting",1,0,1
"8558","showers",1,0,1
"8559","shrewd",1,0,1
"8560","shriek",0,1,1
"8561","shriekers",1,0,1
"8562","shrieks",1,0,1
"8563","shuffled",1,0,1
"8564","shutting",0,1,1
"8565","siamese",1,0,1
"8566","sic",0,1,1
"8567","sickly",0,1,1
"8568","sideways",1,0,1
"8569","sieges",0,1,1
"8570","sierra",0,1,1
"8571","sigel",0,1,1
"8572","sigh",1,0,1
"8573","sighted",1,0,1
"8574","signalized",0,1,1
"8575","signify",0,1,1
"8576","silas",1,0,1
"8577","silenced",0,1,1
"8578","simplicity",1,0,1
"8579","simultaneously",1,0,1
"8580","sin",1,0,1
"8581","sincerest",0,1,1
"8582","sing",1,0,1
"8583","singularly",1,0,1
"8584","sins",0,1,1
"8585","sister",0,1,1
"8586","sisters",0,1,1
"8587","sitana",0,1,1
"8588","site",1,0,1
"8589","skilled",1,0,1
"8590","skulk",1,0,1
"8591","slacken",1,0,1
"8592","slander",1,0,1
"8593","slaughtered",1,0,1
"8594","slavedealer",1,0,1
"8595","sledge",1,0,1
"8596","sleep",1,0,1
"8597","sleeping",0,1,1
"8598","slidell",0,1,1
"8599","sliding",1,0,1
"8600","slim",1,0,1
"8601","slipped",1,0,1
"8602","slow",1,0,1
"8603","slower",1,0,1
"8604","slowest",1,0,1
"8605","sly",1,0,1
"8606","smart",1,0,1
"8607","smarter",1,0,1
"8608","smashing",0,1,1
"8609","smell",1,0,1
"8610","smoking",1,0,1
"8611","smother",1,0,1
"8612","snag",1,0,1
"8613","snaky",1,0,1
"8614","snatches",1,0,1
"8615","snead",0,1,1
"8616","sneaking",1,0,1
"8617","sneered",1,0,1
"8618","snodgrass",0,1,1
"8619","snowball",1,0,1
"8620","sobriquet",1,0,1
"8621","socially",1,0,1
"8622","sock",0,1,1
"8623","soft",1,0,1
"8624","soften",0,1,1
"8625","soiled",1,0,1
"8626","sojourn",0,1,1
"8627","solicitation",1,0,1
"8628","solicited",1,0,1
"8629","solicitous",1,0,1
"8630","solicitude",0,1,1
"8631","solitude",1,0,1
"8632","solvable",1,0,1
"8633","solvent",1,0,1
"8634","somerset",1,0,1
"8635","son's",0,1,1
"8636","song",1,0,1
"8637","soothed",1,0,1
"8638","soothing",1,0,1
"8639","soothingly",1,0,1
"8640","sophisms",1,0,1
"8641","sophistry",1,0,1
"8642","sore",1,0,1
"8643","sorghum",0,1,1
"8644","sorrow",0,1,1
"8645","sorrowing",1,0,1
"8646","soul",1,0,1
"8647","souls",1,0,1
"8648","sounded",1,0,1
"8649","southeast",1,0,1
"8650","southeastward",0,1,1
"8651","southerners",1,0,1
"8652","southside",0,1,1
"8653","sows",1,0,1
"8654","span",1,0,1
"8655","spanish",0,1,1
"8656","spare",1,0,1
"8657","spared",1,0,1
"8658","sparkling",1,0,1
"8659","sparrow",1,0,1
"8660","spars",1,0,1
"8661","sparse",0,1,1
"8662","speakership",1,0,1
"8663","speaks",1,0,1
"8664","specie",1,0,1
"8665","species",1,0,1
"8666","specimens",1,0,1
"8667","speculating",1,0,1
"8668","speculation",1,0,1
"8669","sped",1,0,1
"8670","spheres",1,0,1
"8671","spies",0,1,1
"8672","spilled",0,1,1
"8673","spirited",0,1,1
"8674","spirits",1,0,1
"8675","split",1,0,1
"8676","splitting",1,0,1
"8677","spots",1,0,1
"8678","spotswood",0,1,1
"8679","spotted",1,0,1
"8680","sprang",1,0,1
"8681","spreading",1,0,1
"8682","springs",1,0,1
"8683","sprung",1,0,1
"8684","spurious",0,1,1
"8685","spurn",0,1,1
"8686","squabble",1,0,1
"8687","squadrons",0,1,1
"8688","squelched",1,0,1
"8689","squirming",1,0,1
"8690","stab",0,1,1
"8691","stability",1,0,1
"8692","stage",1,0,1
"8693","stages",1,0,1
"8694","staid",0,1,1
"8695","stanbery",0,1,1
"8696","standpoint",0,1,1
"8697","standpoints",0,1,1
"8698","staple",1,0,1
"8699","star",0,1,1
"8700","stares",1,0,1
"8701","stars",1,0,1
"8702","stationary",0,1,1
"8703","statistical",1,0,1
"8704","stave",1,0,1
"8705","stayed",0,1,1
"8706","stead",1,0,1
"8707","steal",1,0,1
"8708","steamships",0,1,1
"8709","sterhaus",0,1,1
"8710","sterling",1,0,1
"8711","stewart",0,1,1
"8712","stick",1,0,1
"8713","sticking",1,0,1
"8714","stigmatize",1,0,1
"8715","stiliman's",1,0,1
"8716","stilled",1,0,1
"8717","stimulate",0,1,1
"8718","stink",1,0,1
"8719","stinking",1,0,1
"8720","stipulates",1,0,1
"8721","stipulating",1,0,1
"8722","stolen",1,0,1
"8723","stone's",1,0,1
"8724","storms",1,0,1
"8725","stragglers",0,1,1
"8726","strains",1,0,1
"8727","straits",0,1,1
"8728","strangled",1,0,1
"8729","stratagems",1,0,1
"8730","streets",1,0,1
"8731","stretch",1,0,1
"8732","strictness",0,1,1
"8733","striker",1,0,1
"8734","string",1,0,1
"8735","stringency",1,0,1
"8736","stringent",1,0,1
"8737","stringfellows",1,0,1
"8738","stripe",1,0,1
"8739","stripes",1,0,1
"8740","striven",0,1,1
"8741","striving",1,0,1
"8742","stroke",1,0,1
"8743","stronghold",1,0,1
"8744","strung",1,0,1
"8745","studious",1,0,1
"8746","studying",0,1,1
"8747","stumbling",1,0,1
"8748","stumping",1,0,1
"8749","stunned",1,0,1
"8750","style",1,0,1
"8751","subdistricts",0,1,1
"8752","subdivisions",0,1,1
"8753","subdue",0,1,1
"8754","subdued",1,0,1
"8755","subduing",0,1,1
"8756","subjected",0,1,1
"8757","submission",1,0,1
"8758","submits",1,0,1
"8759","subordinate",0,1,1
"8760","subordinates",0,1,1
"8761","subordination",0,1,1
"8762","subscribed",0,1,1
"8763","subscribers",1,0,1
"8764","subscribing",1,0,1
"8765","subside",0,1,1
"8766","subsidiary",1,0,1
"8767","subsisted",0,1,1
"8768","subsistence",1,0,1
"8769","substitution",0,1,1
"8770","subtracted",0,1,1
"8771","succeeds",1,0,1
"8772","successors",1,0,1
"8773","sudarth",0,1,1
"8774","suffered",1,0,1
"8775","suffice",1,0,1
"8776","suffocation",1,0,1
"8777","suffrages",1,0,1
"8778","suggesting",0,1,1
"8779","suggestive",1,0,1
"8780","sullen",1,0,1
"8781","sulphur",0,1,1
"8782","summoned",0,1,1
"8783","sums",1,0,1
"8784","sunk",0,1,1
"8785","superficial",1,0,1
"8786","superintendence",1,0,1
"8787","superintending",1,0,1
"8788","superiority",1,0,1
"8789","superstitious",1,0,1
"8790","supervisors",0,1,1
"8791","supper",1,0,1
"8792","supplanting",0,1,1
"8793","supplemental",0,1,1
"8794","supplied",0,1,1
"8795","supporters",1,0,1
"8796","supporting",1,0,1
"8797","supposes",1,0,1
"8798","surface",1,0,1
"8799","surgeon",0,1,1
"8800","surpassingly",1,0,1
"8801","surpluses",0,1,1
"8802","surrendered",0,1,1
"8803","surround",0,1,1
"8804","surrounded",0,1,1
"8805","surveying",1,0,1
"8806","surveys",0,1,1
"8807","survive",0,1,1
"8808","surviving",0,1,1
"8809","susceptibility",1,0,1
"8810","susceptible",1,0,1
"8811","suspected",1,0,1
"8812","suspecting",1,0,1
"8813","suspense",1,0,1
"8814","susquehanna",0,1,1
"8815","sustenance",1,0,1
"8816","sutherland's",0,1,1
"8817","swallow",1,0,1
"8818","swallowed",1,0,1
"8819","swamps",1,0,1
"8820","swap",0,1,1
"8821","swears",1,0,1
"8822","sweeping",0,1,1
"8823","sweet",1,0,1
"8824","sweetened",1,0,1
"8825","swept",1,0,1
"8826","swifter",1,0,1
"8827","swimmingly",1,0,1
"8828","swords",0,1,1
"8829","syllable",1,0,1
"8830","sympathize",1,0,1
"8831","sympathized",1,0,1
"8832","sympathizer",1,0,1
"8833","sympathizers",1,0,1
"8834","symptom",1,0,1
"8835","synoptical",0,1,1
"8836","syracuse",0,1,1
"8837","tacit",1,0,1
"8838","tackle",0,1,1
"8839","tactics",0,1,1
"8840","taint",0,1,1
"8841","tale",0,1,1
"8842","talking",1,0,1
"8843","talks",1,0,1
"8844","tapering",1,0,1
"8845","tappahannock",0,1,1
"8846","tardily",1,0,1
"8847","tardiness",1,0,1
"8848","taste",1,0,1
"8849","tatters",1,0,1
"8850","taunted",1,0,1
"8851","tavern",1,0,1
"8852","taxing",1,0,1
"8853","teaching",0,1,1
"8854","teachings",1,0,1
"8855","tearing",0,1,1
"8856","teche",0,1,1
"8857","technically",1,0,1
"8858","teeming",1,0,1
"8859","teems",0,1,1
"8860","temerity",1,0,1
"8861","temple",1,0,1
"8862","temporized",1,0,1
"8863","temporizing",1,0,1
"8864","temptation",1,0,1
"8865","tend",0,1,1
"8866","tended",1,0,1
"8867","tenor",0,1,1
"8868","tens",0,1,1
"8869","termed",1,0,1
"8870","terminating",1,0,1
"8871","terribly",1,0,1
"8872","terse",1,0,1
"8873","testament",1,0,1
"8874","tested",0,1,1
"8875","testified",1,0,1
"8876","testimonies",1,0,1
"8877","testing",0,1,1
"8878","thames",1,0,1
"8879","thanksgivings",0,1,1
"8880","thaws",1,0,1
"8881","theater",0,1,1
"8882","theme",1,0,1
"8883","themes",1,0,1
"8884","thenceforth",0,1,1
"8885","theology",1,0,1
"8886","theories",1,0,1
"8887","theory",0,1,1
"8888","thick",1,0,1
"8889","thieves",1,0,1
"8890","thinker",1,0,1
"8891","thirdly",1,0,1
"8892","thistle",1,0,1
"8893","thither",1,0,1
"8894","thorn",0,1,1
"8895","thoughtful",0,1,1
"8896","threat",0,1,1
"8897","threatening",0,1,1
"8898","threats",1,0,1
"8899","thrice",1,0,1
"8900","thrive",1,0,1
"8901","throat",0,1,1
"8902","throbbings",1,0,1
"8903","thronging",0,1,1
"8904","throttled",1,0,1
"8905","thunder",1,0,1
"8906","thunders",1,0,1
"8907","thunderstruck",1,0,1
"8908","thurlow",0,1,1
"8909","thwart",0,1,1
"8910","thwarting",0,1,1
"8911","ticks",1,0,1
"8912","tied",0,1,1
"8913","time's",1,0,1
"8914","timidity",1,0,1
"8915","tip",1,0,1
"8916","tirade",1,0,1
"8917","titles",1,0,1
"8918","titus",1,0,1
"8919","toast",0,1,1
"8920","token",1,0,1
"8921","tolerate",0,1,1
"8922","tolerated",0,1,1
"8923","tolerating",1,0,1
"8924","toleration",1,0,1
"8925","toles",0,1,1
"8926","tomb",1,0,1
"8927","tombs",1,0,1
"8928","tomorrow",0,1,1
"8929","tompkins",0,1,1
"8930","tonight",0,1,1
"8931","tools",0,1,1
"8932","tooth",1,0,1
"8933","topics",0,1,1
"8934","tories",1,0,1
"8935","torment",1,0,1
"8936","tortured",1,0,1
"8937","torturing",0,1,1
"8938","touches",1,0,1
"8939","tow",1,0,1
"8940","townships",0,1,1
"8941","townsman",1,0,1
"8942","trace",1,0,1
"8943","tracts",0,1,1
"8944","traded",1,0,1
"8945","trader",1,0,1
"8946","tragic",1,0,1
"8947","trail",1,0,1
"8948","trailed",1,0,1
"8949","trailing",1,0,1
"8950","traitorously",0,1,1
"8951","traitors",0,1,1
"8952","traits",0,1,1
"8953","trample",1,0,1
"8954","tranquil",0,1,1
"8955","tranquillized",1,0,1
"8956","transactions",1,0,1
"8957","transcend",0,1,1
"8958","transcript",0,1,1
"8959","transform",1,0,1
"8960","transformation",1,0,1
"8961","transformed",1,0,1
"8962","transmitting",0,1,1
"8963","transpired",1,0,1
"8964","transplanted",1,0,1
"8965","traveling",1,0,1
"8966","travelled",1,0,1
"8967","treachery",1,0,1
"8968","treasure",0,1,1
"8969","treatment",0,1,1
"8970","trees",1,0,1
"8971","tributary",0,1,1
"8972","tribute",0,1,1
"8973","trifled",1,0,1
"8974","trimble",0,1,1
"8975","triumphed",1,0,1
"8976","trot",1,0,1
"8977","troubled",1,0,1
"8978","troubles",0,1,1
"8979","troublous",0,1,1
"8980","truce",0,1,1
"8981","truckee",0,1,1
"8982","trumbo",0,1,1
"8983","trumbo's",0,1,1
"8984","trumbull's",1,0,1
"8985","trusts",0,1,1
"8986","truthful",0,1,1
"8987","truthfulness",1,0,1
"8988","tune",1,0,1
"8989","turkey",0,1,1
"8990","turks",1,0,1
"8991","twins",1,0,1
"8992","tycoon",0,1,1
"8993","type",1,0,1
"8994","types",1,0,1
"8995","tyranny",0,1,1
"8996","ult",0,1,1
"8997","ulysses",0,1,1
"8998","unaccountable",1,0,1
"8999","unalterable",1,0,1
"9000","unalterably",1,0,1
"9001","unanswerable",0,1,1
"9002","unanswered",1,0,1
"9003","unarmed",1,0,1
"9004","unauthorized",1,0,1
"9005","unavowed",0,1,1
"9006","unbending",1,0,1
"9007","uncertainty",1,0,1
"9008","unchangeable",0,1,1
"9009","uncle",1,0,1
"9010","uncommon",1,0,1
"9011","uncontrolled",1,0,1
"9012","uncover",1,0,1
"9013","undeceived",1,0,1
"9014","undefined",0,1,1
"9015","undeniable",1,0,1
"9016","undenied",1,0,1
"9017","underlings",1,0,1
"9018","undermining",1,0,1
"9019","undersigned",1,0,1
"9020","underwent",1,0,1
"9021","undesirable",0,1,1
"9022","undisciplined",1,0,1
"9023","undistinguished",1,0,1
"9024","undoubting",1,0,1
"9025","unexceptionable",1,0,1
"9026","unexhausted",0,1,1
"9027","unfairly",1,0,1
"9028","unfavorably",1,0,1
"9029","unfettered",1,0,1
"9030","unfit",1,0,1
"9031","ungenerously",1,0,1
"9032","ungodly",1,0,1
"9033","ungracious",0,1,1
"9034","unheeded",1,0,1
"9035","unholy",1,0,1
"9036","uniforms",0,1,1
"9037","uninhabitable",0,1,1
"9038","unintended",0,1,1
"9039","uninterested",1,0,1
"9040","uninteresting",1,0,1
"9041","uninterruptedly",0,1,1
"9042","unionist",0,1,1
"9043","uniting",0,1,1
"9044","unity",0,1,1
"9045","unjustifiable",1,0,1
"9046","unkind",1,0,1
"9047","unkindness",1,0,1
"9048","unknown",1,0,1
"9049","unlawful",0,1,1
"9050","unlocked",1,0,1
"9051","unmitigated",1,0,1
"9052","unmixed",1,0,1
"9053","unoccupied",0,1,1
"9054","unopposed",1,0,1
"9055","unostentatious",1,0,1
"9056","unpaid",1,0,1
"9057","unpalatable",1,0,1
"9058","unparalleled",0,1,1
"9059","unpoetical",1,0,1
"9060","unprincipled",1,0,1
"9061","unprotected",1,0,1
"9062","unprovoking",1,0,1
"9063","unquestionable",0,1,1
"9064","unreadable",1,0,1
"9065","unregistered",1,0,1
"9066","unrelenting",1,0,1
"9067","unrestricted",0,1,1
"9068","unrighteous",1,0,1
"9069","unselfishly",1,0,1
"9070","unsettled",0,1,1
"9071","unshaken",0,1,1
"9072","unsold",1,0,1
"9073","unsoundness",0,1,1
"9074","unsurpassed",0,1,1
"9075","unswerving",0,1,1
"9076","unthought",1,0,1
"9077","untimely",1,0,1
"9078","untiring",1,0,1
"9079","untrodden",1,0,1
"9080","untruth",1,0,1
"9081","unusual",0,1,1
"9082","unwell",1,0,1
"9083","unwillingness",0,1,1
"9084","uppermost",1,0,1
"9085","urgent",0,1,1
"9086","urgently",0,1,1
"9087","urges",1,0,1
"9088","usages",0,1,1
"9089","usefully",0,1,1
"9090","usefulness",0,1,1
"9091","uselessly",1,0,1
"9092","usin",1,0,1
"9093","usurpation",1,0,1
"9094","v.s",1,0,1
"9095","vacant",1,0,1
"9096","vacate",0,1,1
"9097","vacation",1,0,1
"9098","vache",0,1,1
"9099","validity",0,1,1
"9100","validly",0,1,1
"9101","valuation",1,0,1
"9102","values",1,0,1
"9103","vandalia",1,0,1
"9104","vanity",0,1,1
"9105","vanquish",0,1,1
"9106","variation",1,0,1
"9107","varied",0,1,1
"9108","variously",0,1,1
"9109","varying",0,1,1
"9110","velasco",1,0,1
"9111","velocity",1,0,1
"9112","venerable",0,1,1
"9113","venerated",1,0,1
"9114","veneration",1,0,1
"9115","venezuela",0,1,1
"9116","ventures",1,0,1
"9117","vera",1,0,1
"9118","veracity",1,0,1
"9119","verb",1,0,1
"9120","verdict",1,0,1
"9121","verging",1,0,1
"9122","vermont's",0,1,1
"9123","versa",1,0,1
"9124","version",1,0,1
"9125","vetoes",1,0,1
"9126","vexed",1,0,1
"9127","victim",1,0,1
"9128","vincennes",1,0,1
"9129","vincente",1,0,1
"9130","vindicate",1,0,1
"9131","vindicated",0,1,1
"9132","vindication",0,1,1
"9133","vine",0,1,1
"9134","violates",1,0,1
"9135","violating",1,0,1
"9136","violations",0,1,1
"9137","violative",1,0,1
"9138","violators",1,0,1
"9139","virginian",1,0,1
"9140","virtual",1,0,1
"9141","virtually",0,1,1
"9142","virtues",1,0,1
"9143","visitation",0,1,1
"9144","visited",0,1,1
"9145","visitor",1,0,1
"9146","visits",1,0,1
"9147","vista",1,0,1
"9148","vitality",1,0,1
"9149","voltaire",1,0,1
"9150","vouched",1,0,1
"9151","vouchsafed",0,1,1
"9152","vouchsafing",0,1,1
"9153","voyage",0,1,1
"9154","wachusett",0,1,1
"9155","wadding",1,0,1
"9156","wade",1,0,1
"9157","wage",1,0,1
"9158","waged",0,1,1
"9159","waited",1,0,1
"9160","walker",1,0,1
"9161","walking",0,1,1
"9162","walters",0,1,1
"9163","wandering",1,0,1
"9164","wantonness",1,0,1
"9165","warehousing",0,1,1
"9166","warrenton",1,0,1
"9167","warriors",0,1,1
"9168","washburn",0,1,1
"9169","wastes",0,1,1
"9170","wasting",1,0,1
"9171","watches",1,0,1
"9172","watchful",1,0,1
"9173","waterman",0,1,1
"9174","wave",1,0,1
"9175","waved",1,0,1
"9176","wavered",1,0,1
"9177","waves",1,0,1
"9178","waving",1,0,1
"9179","wax",1,0,1
"9180","weal",0,1,1
"9181","weathered",1,0,1
"9182","webster's",1,0,1
"9183","wedding",1,0,1
"9184","weeded",1,0,1
"9185","weehawken",0,1,1
"9186","weekly",1,0,1
"9187","weigh",1,0,1
"9188","weighed",1,0,1
"9189","welch",0,1,1
"9190","wen",1,0,1
"9191","wesley",0,1,1
"9192","whatsoever",1,0,1
"9193","wheat",1,0,1
"9194","wheelbarrow",1,0,1
"9195","wheels",1,0,1
"9196","wherefore",1,0,1
"9197","whereon",1,0,1
"9198","whisper",1,0,1
"9199","whistling",1,0,1
"9200","whiting's",0,1,1
"9201","whitlock",0,1,1
"9202","whitney's",1,0,1
"9203","whittington",0,1,1
"9204","wholesome",1,0,1
"9205","whomever",1,0,1
"9206","whosoever",1,0,1
"9207","wickedly",0,1,1
"9208","wider",0,1,1
"9209","width",1,0,1
"9210","wield",1,0,1
"9211","wilcox",0,1,1
"9212","wilderness",1,0,1
"9213","willingly",0,1,1
"9214","winding",0,1,1
"9215","windows",1,0,1
"9216","windy",1,0,1
"9217","wines",0,1,1
"9218","wing",0,1,1
"9219","winifred",0,1,1
"9220","winner",1,0,1
"9221","winnings",1,0,1
"9222","winslow",0,1,1
"9223","winthrop",1,0,1
"9224","wire",0,1,1
"9225","wiser",0,1,1
"9226","withdrew",1,0,1
"9227","withering",1,0,1
"9228","withholding",0,1,1
"9229","witnessed",1,0,1
"9230","witt",1,0,1
"9231","woes",1,0,1
"9232","wolf's",0,1,1
"9233","wolff",0,1,1
"9234","wolford",0,1,1
"9235","wondered",1,0,1
"9236","woo",0,1,1
"9237","wood",0,1,1
"9238","woods",1,0,1
"9239","worcester",1,0,1
"9240","workers",1,0,1
"9241","workingmen's",0,1,1
"9242","worn",1,0,1
"9243","worster",0,1,1
"9244","wrangling",1,0,1
"9245","wrapped",1,0,1
"9246","wreath",1,0,1
"9247","wrest",1,0,1
"9248","wright's",0,1,1
"9249","wring",1,0,1
"9250","wringing",0,1,1
"9251","writers",1,0,1
"9252","wronged",1,0,1
"9253","xxxviii",0,1,1
"9254","yankee",1,0,1
"9255","yedo",0,1,1
"9256","yellow",1,0,1
"9257","yoke",0,1,1
"9258","yorktown",0,1,1
"9259","youngstown",0,1,1
"9260","your's",1,0,1
"9261","youth",1,0,1
"9262","zwizler",1,0,1
